10 1765366730 0.200000 -1 0.200000 0.200000 0.200000
10 1765366735 0.200000 -1 0.200000 0.200000 0.200000
10 1765366735 0.200000 -1 0.200000 0.200000 0.200000
10 1765366735 0.200000 -1 0.200000 0.200000 0.200000
10 1765366735 0.200000 -1 0.200000 0.200000 0.200000
10 1765366735 0.200000 -1 0.200000 0.200000 0.200000
10 1765366735 0.200000 -1 0.200000 0.200000 0.200000
10 1765366735 0.200000 -1 0.200000 0.200000 0.200000
10 1765366735 0.200000 -1 0.200000 0.200000 0.200000
10 1765366735 0.200000 -1 0.200000 0.200000 0.200000
10 1765366735 0.200000 -1 0.200000 0.200000 0.200000
10 1765366745 0.200000 -1 0.200000 0.200000 0.200000
10 1765366745 0.200000 -1 0.200000 0.200000 0.200000
10 1765366850 2.000000 -1 2.000000 2.000000 2.000000
10 1765366855 2.000000 -1 2.000000 2.000000 2.000000
10 1765366855 2.000000 -1 2.000000 2.000000 2.000000
10 1765366855 2.000000 -1 2.000000 2.000000 2.000000
10 1765366855 2.000000 -1 2.000000 2.000000 2.000000
10 1765366855 2.000000 -1 2.000000 2.000000 2.000000
10 1765366855 2.000000 -1 2.000000 2.000000 2.000000
10 1765366855 2.000000 -1 2.000000 2.000000 2.000000
10 1765366855 2.000000 -1 2.000000 2.000000 2.000000
10 1765366855 2.000000 -1 2.000000 2.000000 2.000000
10 1765366855 2.000000 -1 2.000000 2.000000 2.000000
10 1765366865 2.000000 -1 2.000000 2.000000 2.000000
10 1765366865 2.000000 -1 2.000000 2.000000 2.000000
10 1765366870 0.800000 -1 0.800000 0.800000 0.800000
10 1765366870 0.800000 -1 0.800000 0.800000 0.800000
10 1765366870 0.800000 -1 0.800000 0.800000 0.800000
10 1765366870 0.800000 -1 0.800000 0.800000 0.800000
10 1765366870 0.800000 -1 0.800000 0.800000 0.800000
10 1765366870 0.800000 -1 0.800000 0.800000 0.800000
10 1765366870 0.800000 -1 0.800000 0.800000 0.800000
10 1765366870 0.800000 -1 0.800000 0.800000 0.800000
10 1765366870 0.800000 -1 0.800000 0.800000 0.800000
10 1765366870 0.800000 -1 0.800000 0.800000 0.800000
10 1765366875 1.000000 -1 1.000000 1.000000 1.000000
10 1765366875 1.000000 -1 1.000000 1.000000 1.000000
10 1765366875 1.000000 -1 1.000000 1.000000 1.000000
10 1765366875 1.000000 -1 1.000000 1.000000 1.000000
10 1765366875 1.000000 -1 1.000000 1.000000 1.000000
10 1765366875 1.000000 -1 1.000000 1.000000 1.000000
10 1765366875 1.000000 -1 1.000000 1.000000 1.000000
10 1765366875 1.000000 -1 1.000000 1.000000 1.000000
10 1765366875 1.000000 -1 1.000000 1.000000 1.000000
10 1765366875 1.000000 -1 1.000000 1.000000 1.000000
10 1765366880 0.400000 -1 0.400000 0.400000 0.400000
10 1765366880 0.400000 -1 0.400000 0.400000 0.400000
10 1765366885 0.400000 -1 0.400000 0.400000 0.400000
10 1765366885 0.400000 -1 0.400000 0.400000 0.400000
10 1765366885 0.400000 -1 0.400000 0.400000 0.400000
10 1765366885 0.400000 -1 0.400000 0.400000 0.400000
10 1765366885 0.400000 -1 0.400000 0.400000 0.400000
10 1765366885 0.400000 -1 0.400000 0.400000 0.400000
10 1765366885 0.400000 -1 0.400000 0.400000 0.400000
10 1765366885 1.400000 -1 1.400000 1.400000 1.400000
10 1765366885 1.400000 -1 1.400000 1.400000 1.400000
10 1765366885 0.400000 -1 0.400000 0.400000 0.400000
10 1765366885 0.400000 -1 0.400000 0.400000 0.400000
10 1765366885 0.400000 -1 0.400000 0.400000 0.400000
10 1765366890 1.200000 -1 1.200000 1.200000 1.200000
10 1765366890 1.200000 -1 1.200000 1.200000 1.200000
10 1765366890 1.200000 -1 1.200000 1.200000 1.200000
10 1765366890 1.200000 -1 1.200000 1.200000 1.200000
10 1765366890 1.200000 -1 1.200000 1.200000 1.200000
10 1765366890 1.200000 -1 1.200000 1.200000 1.200000
10 1765366890 1.200000 -1 1.200000 1.200000 1.200000
10 1765366890 1.200000 -1 1.200000 1.200000 1.200000
10 1765366890 1.200000 -1 1.200000 1.200000 1.200000
10 1765366890 1.200000 -1 1.200000 1.200000 1.200000
10 1765366895 0.200000 -1 0.200000 0.200000 0.200000
10 1765366895 0.200000 -1 0.200000 0.200000 0.200000
10 1765366895 0.200000 -1 0.200000 0.200000 0.200000
10 1765366895 0.200000 -1 0.200000 0.200000 0.200000
10 1765366895 0.200000 -1 0.200000 0.200000 0.200000
10 1765366895 0.200000 -1 0.200000 0.200000 0.200000
10 1765366895 0.200000 -1 0.200000 0.200000 0.200000
10 1765366895 0.200000 -1 0.200000 0.200000 0.200000
10 1765366895 0.200000 -1 0.200000 0.200000 0.200000
10 1765366895 0.200000 -1 0.200000 0.200000 0.200000
10 1765366895 0.200000 -1 0.200000 0.200000 0.200000
10 1765366895 0.200000 -1 0.200000 0.200000 0.200000
10 1765366900 0.400000 -1 0.400000 0.400000 0.400000
10 1765366900 0.400000 -1 0.400000 0.400000 0.400000
10 1765366900 0.400000 -1 0.400000 0.400000 0.400000
10 1765366900 0.400000 -1 0.400000 0.400000 0.400000
10 1765366900 0.400000 -1 0.400000 0.400000 0.400000
10 1765366900 0.400000 -1 0.400000 0.400000 0.400000
10 1765366900 0.400000 -1 0.400000 0.400000 0.400000
10 1765366900 1.400000 -1 1.400000 1.400000 1.400000
10 1765366900 1.400000 -1 1.400000 1.400000 1.400000
10 1765366900 0.400000 -1 0.400000 0.400000 0.400000
10 1765366900 0.400000 -1 0.400000 0.400000 0.400000
10 1765366900 0.400000 -1 0.400000 0.400000 0.400000
10 1765366905 1.000000 -1 1.000000 1.000000 1.000000
10 1765366905 1.000000 -1 1.000000 1.000000 1.000000
10 1765366905 1.000000 -1 1.000000 1.000000 1.000000
10 1765366905 1.000000 -1 1.000000 1.000000 1.000000
10 1765366905 1.000000 -1 1.000000 1.000000 1.000000
10 1765366905 1.000000 -1 1.000000 1.000000 1.000000
10 1765366905 1.000000 -1 1.000000 1.000000 1.000000
10 1765366905 1.000000 -1 1.000000 1.000000 1.000000
10 1765366905 1.000000 -1 1.000000 1.000000 1.000000
10 1765366905 1.000000 -1 1.000000 1.000000 1.000000
10 1765366910 0.200000 -1 0.200000 0.200000 0.200000
10 1765366910 0.200000 -1 0.200000 0.200000 0.200000
10 1765366910 0.200000 -1 0.200000 0.200000 0.200000
10 1765366910 0.200000 -1 0.200000 0.200000 0.200000
10 1765366910 0.200000 -1 0.200000 0.200000 0.200000
10 1765366910 0.200000 -1 0.200000 0.200000 0.200000
10 1765366910 0.200000 -1 0.200000 0.200000 0.200000
10 1765366910 0.600000 -1 0.600000 0.600000 0.600000
10 1765366910 0.600000 -1 0.600000 0.600000 0.600000
10 1765366910 0.200000 -1 0.200000 0.200000 0.200000
10 1765366910 0.200000 -1 0.200000 0.200000 0.200000
10 1765366910 0.200000 -1 0.200000 0.200000 0.200000
10 1765366915 0.400000 -1 0.400000 0.400000 0.400000
10 1765366915 0.400000 -1 0.400000 0.400000 0.400000
10 1765366915 0.400000 -1 0.400000 0.400000 0.400000
10 1765366915 0.400000 -1 0.400000 0.400000 0.400000
10 1765366915 0.400000 -1 0.400000 0.400000 0.400000
10 1765366915 0.400000 -1 0.400000 0.400000 0.400000
10 1765366915 0.400000 -1 0.400000 0.400000 0.400000
10 1765366915 1.000000 -1 1.000000 1.000000 1.000000
10 1765366915 1.000000 -1 1.000000 1.000000 1.000000
10 1765366915 0.400000 -1 0.400000 0.400000 0.400000
10 1765366915 0.400000 -1 0.400000 0.400000 0.400000
10 1765366915 0.400000 -1 0.400000 0.400000 0.400000
10 1765366920 0.400000 -1 0.400000 0.400000 0.400000
10 1765366920 0.400000 -1 0.400000 0.400000 0.400000
10 1765366920 0.400000 -1 0.400000 0.400000 0.400000
10 1765366920 0.400000 -1 0.400000 0.400000 0.400000
10 1765366920 0.400000 -1 0.400000 0.400000 0.400000
10 1765366920 0.400000 -1 0.400000 0.400000 0.400000
10 1765366920 0.400000 -1 0.400000 0.400000 0.400000
10 1765366920 0.200000 -1 0.200000 0.200000 0.200000
10 1765366920 0.200000 -1 0.200000 0.200000 0.200000
10 1765366920 0.400000 -1 0.400000 0.400000 0.400000
10 1765366920 0.400000 -1 0.400000 0.400000 0.400000
10 1765366920 0.400000 -1 0.400000 0.400000 0.400000
10 1765366925 0.600000 -1 0.600000 0.600000 0.600000
10 1765366925 0.600000 -1 0.600000 0.600000 0.600000
10 1765366925 0.600000 -1 0.600000 0.600000 0.600000
10 1765366925 0.600000 -1 0.600000 0.600000 0.600000
10 1765366925 0.600000 -1 0.600000 0.600000 0.600000
10 1765366925 0.600000 -1 0.600000 0.600000 0.600000
10 1765366925 0.600000 -1 0.600000 0.600000 0.600000
10 1765366925 0.400000 -1 0.400000 0.400000 0.400000
10 1765366925 0.400000 -1 0.400000 0.400000 0.400000
10 1765366925 0.600000 -1 0.600000 0.600000 0.600000
10 1765366925 0.600000 -1 0.600000 0.600000 0.600000
10 1765366925 0.600000 -1 0.600000 0.600000 0.600000
10 1765366930 0.400000 -1 0.400000 0.400000 0.400000
10 1765366930 0.400000 -1 0.400000 0.400000 0.400000
10 1765366930 0.400000 -1 0.400000 0.400000 0.400000
10 1765366930 0.400000 -1 0.400000 0.400000 0.400000
10 1765366930 0.400000 -1 0.400000 0.400000 0.400000
10 1765366930 0.400000 -1 0.400000 0.400000 0.400000
10 1765366930 0.400000 -1 0.400000 0.400000 0.400000
10 1765366930 0.200000 -1 0.200000 0.200000 0.200000
10 1765366930 0.200000 -1 0.200000 0.200000 0.200000
10 1765366930 0.400000 -1 0.400000 0.400000 0.400000
10 1765366930 0.400000 -1 0.400000 0.400000 0.400000
10 1765366930 0.400000 -1 0.400000 0.400000 0.400000
10 1765366935 0.400000 -1 0.400000 0.400000 0.400000
10 1765366935 0.400000 -1 0.400000 0.400000 0.400000
10 1765366935 0.400000 -1 0.400000 0.400000 0.400000
10 1765366935 0.400000 -1 0.400000 0.400000 0.400000
10 1765366935 0.400000 -1 0.400000 0.400000 0.400000
10 1765366935 0.400000 -1 0.400000 0.400000 0.400000
10 1765366935 0.400000 -1 0.400000 0.400000 0.400000
10 1765366935 0.800000 -1 0.800000 0.800000 0.800000
10 1765366935 0.800000 -1 0.800000 0.800000 0.800000
10 1765366935 0.400000 -1 0.400000 0.400000 0.400000
10 1765366935 0.400000 -1 0.400000 0.400000 0.400000
10 1765366935 0.400000 -1 0.400000 0.400000 0.400000
10 1765366940 0.800000 -1 0.800000 0.800000 0.800000
10 1765366940 0.800000 -1 0.800000 0.800000 0.800000
10 1765366940 0.800000 -1 0.800000 0.800000 0.800000
10 1765366940 0.800000 -1 0.800000 0.800000 0.800000
10 1765366940 0.800000 -1 0.800000 0.800000 0.800000
10 1765366940 0.800000 -1 0.800000 0.800000 0.800000
10 1765366940 0.800000 -1 0.800000 0.800000 0.800000
10 1765366940 0.400000 -1 0.400000 0.400000 0.400000
10 1765366940 0.400000 -1 0.400000 0.400000 0.400000
10 1765366940 0.800000 -1 0.800000 0.800000 0.800000
10 1765366940 0.800000 -1 0.800000 0.800000 0.800000
10 1765366940 0.800000 -1 0.800000 0.800000 0.800000
10 1765366945 0.400000 -1 0.400000 0.400000 0.400000
10 1765366945 0.400000 -1 0.400000 0.400000 0.400000
10 1765366945 0.400000 -1 0.400000 0.400000 0.400000
10 1765366945 0.400000 -1 0.400000 0.400000 0.400000
10 1765366945 0.400000 -1 0.400000 0.400000 0.400000
10 1765366945 0.400000 -1 0.400000 0.400000 0.400000
10 1765366945 0.400000 -1 0.400000 0.400000 0.400000
10 1765366945 0.200000 -1 0.200000 0.200000 0.200000
10 1765366945 0.200000 -1 0.200000 0.200000 0.200000
10 1765366945 0.400000 -1 0.400000 0.400000 0.400000
10 1765366945 0.400000 -1 0.400000 0.400000 0.400000
10 1765366945 0.400000 -1 0.400000 0.400000 0.400000
10 1765366950 0.800000 -1 0.800000 0.800000 0.800000
10 1765366950 0.800000 -1 0.800000 0.800000 0.800000
10 1765366955 0.600000 -1 0.600000 0.600000 0.600000
10 1765366955 0.600000 -1 0.600000 0.600000 0.600000
10 1765366955 0.600000 -1 0.600000 0.600000 0.600000
10 1765366955 0.600000 -1 0.600000 0.600000 0.600000
10 1765366955 0.600000 -1 0.600000 0.600000 0.600000
10 1765366955 0.600000 -1 0.600000 0.600000 0.600000
10 1765366955 0.600000 -1 0.600000 0.600000 0.600000
10 1765366955 0.400000 -1 0.400000 0.400000 0.400000
10 1765366955 0.400000 -1 0.400000 0.400000 0.400000
10 1765366955 0.600000 -1 0.600000 0.600000 0.600000
10 1765366955 0.600000 -1 0.600000 0.600000 0.600000
10 1765366955 0.600000 -1 0.600000 0.600000 0.600000
10 1765366960 0.200000 -1 0.200000 0.200000 0.200000
10 1765366960 0.200000 -1 0.200000 0.200000 0.200000
10 1765366960 0.200000 -1 0.200000 0.200000 0.200000
10 1765366960 0.200000 -1 0.200000 0.200000 0.200000
10 1765366960 0.200000 -1 0.200000 0.200000 0.200000
10 1765366960 0.200000 -1 0.200000 0.200000 0.200000
10 1765366960 0.200000 -1 0.200000 0.200000 0.200000
10 1765366960 0.200000 -1 0.200000 0.200000 0.200000
10 1765366960 0.200000 -1 0.200000 0.200000 0.200000
10 1765366960 0.200000 -1 0.200000 0.200000 0.200000
10 1765366960 0.200000 -1 0.200000 0.200000 0.200000
10 1765366960 0.200000 -1 0.200000 0.200000 0.200000
10 1765366965 0.400000 -1 0.400000 0.400000 0.400000
10 1765366965 0.400000 -1 0.400000 0.400000 0.400000
10 1765366965 0.400000 -1 0.400000 0.400000 0.400000
10 1765366965 0.400000 -1 0.400000 0.400000 0.400000
10 1765366965 0.400000 -1 0.400000 0.400000 0.400000
10 1765366965 0.400000 -1 0.400000 0.400000 0.400000
10 1765366965 0.400000 -1 0.400000 0.400000 0.400000
10 1765366965 0.600000 -1 0.600000 0.600000 0.600000
10 1765366965 0.600000 -1 0.600000 0.600000 0.600000
10 1765366965 0.400000 -1 0.400000 0.400000 0.400000
10 1765366965 0.400000 -1 0.400000 0.400000 0.400000
10 1765366965 0.400000 -1 0.400000 0.400000 0.400000
10 1765366970 0.400000 -1 0.400000 0.400000 0.400000
10 1765366970 0.400000 -1 0.400000 0.400000 0.400000
10 1765366970 0.400000 -1 0.400000 0.400000 0.400000
10 1765366970 0.400000 -1 0.400000 0.400000 0.400000
10 1765366970 0.400000 -1 0.400000 0.400000 0.400000
10 1765366970 0.400000 -1 0.400000 0.400000 0.400000
10 1765366970 0.400000 -1 0.400000 0.400000 0.400000
10 1765366970 0.400000 -1 0.400000 0.400000 0.400000
10 1765366970 0.400000 -1 0.400000 0.400000 0.400000
10 1765366970 0.400000 -1 0.400000 0.400000 0.400000
10 1765366975 0.600000 -1 0.600000 0.600000 0.600000
10 1765366975 0.600000 -1 0.600000 0.600000 0.600000
10 1765366975 0.600000 -1 0.600000 0.600000 0.600000
10 1765366975 0.600000 -1 0.600000 0.600000 0.600000
10 1765366975 0.600000 -1 0.600000 0.600000 0.600000
10 1765366975 0.600000 -1 0.600000 0.600000 0.600000
10 1765366975 0.600000 -1 0.600000 0.600000 0.600000
10 1765366975 0.600000 -1 0.600000 0.600000 0.600000
10 1765366975 0.600000 -1 0.600000 0.600000 0.600000
10 1765366975 0.600000 -1 0.600000 0.600000 0.600000
10 1765366975 0.600000 -1 0.600000 0.600000 0.600000
10 1765366975 0.600000 -1 0.600000 0.600000 0.600000
10 1765366980 0.200000 -1 0.200000 0.200000 0.200000
10 1765366980 0.200000 -1 0.200000 0.200000 0.200000
10 1765366980 0.200000 -1 0.200000 0.200000 0.200000
10 1765366980 0.200000 -1 0.200000 0.200000 0.200000
10 1765366980 0.200000 -1 0.200000 0.200000 0.200000
10 1765366980 0.200000 -1 0.200000 0.200000 0.200000
10 1765366980 0.200000 -1 0.200000 0.200000 0.200000
10 1765366980 0.200000 -1 0.200000 0.200000 0.200000
10 1765366980 0.200000 -1 0.200000 0.200000 0.200000
10 1765366980 0.200000 -1 0.200000 0.200000 0.200000
10 1765366980 0.200000 -1 0.200000 0.200000 0.200000
10 1765366980 0.200000 -1 0.200000 0.200000 0.200000
10 1765366985 0.200000 -1 0.200000 0.200000 0.200000
10 1765366985 0.200000 -1 0.200000 0.200000 0.200000
10 1765366985 0.200000 -1 0.200000 0.200000 0.200000
10 1765366985 0.200000 -1 0.200000 0.200000 0.200000
10 1765366985 0.200000 -1 0.200000 0.200000 0.200000
10 1765366985 0.200000 -1 0.200000 0.200000 0.200000
10 1765366985 0.200000 -1 0.200000 0.200000 0.200000
10 1765366985 0.600000 -1 0.600000 0.600000 0.600000
10 1765366985 0.600000 -1 0.600000 0.600000 0.600000
10 1765366985 0.200000 -1 0.200000 0.200000 0.200000
10 1765366985 0.200000 -1 0.200000 0.200000 0.200000
10 1765366985 0.200000 -1 0.200000 0.200000 0.200000
10 1765366990 1.200000 -1 1.200000 1.200000 1.200000
10 1765366990 1.200000 -1 1.200000 1.200000 1.200000
10 1765366990 1.200000 -1 1.200000 1.200000 1.200000
10 1765366990 1.200000 -1 1.200000 1.200000 1.200000
10 1765366990 1.200000 -1 1.200000 1.200000 1.200000
10 1765366990 1.200000 -1 1.200000 1.200000 1.200000
10 1765366990 1.200000 -1 1.200000 1.200000 1.200000
10 1765366990 0.400000 -1 0.400000 0.400000 0.400000
10 1765366990 0.400000 -1 0.400000 0.400000 0.400000
10 1765366990 1.200000 -1 1.200000 1.200000 1.200000
10 1765366990 1.200000 -1 1.200000 1.200000 1.200000
10 1765366990 1.200000 -1 1.200000 1.200000 1.200000
10 1765366995 0.200000 -1 0.200000 0.200000 0.200000
10 1765366995 0.200000 -1 0.200000 0.200000 0.200000
10 1765366995 0.200000 -1 0.200000 0.200000 0.200000
10 1765366995 0.200000 -1 0.200000 0.200000 0.200000
10 1765366995 0.200000 -1 0.200000 0.200000 0.200000
10 1765366995 0.200000 -1 0.200000 0.200000 0.200000
10 1765366995 0.200000 -1 0.200000 0.200000 0.200000
10 1765366995 0.200000 -1 0.200000 0.200000 0.200000
10 1765366995 0.200000 -1 0.200000 0.200000 0.200000
10 1765366995 0.200000 -1 0.200000 0.200000 0.200000
10 1765366995 0.200000 -1 0.200000 0.200000 0.200000
10 1765366995 0.200000 -1 0.200000 0.200000 0.200000
10 1765367000 0.600000 -1 0.600000 0.600000 0.600000
10 1765367000 0.600000 -1 0.600000 0.600000 0.600000
10 1765367000 0.600000 -1 0.600000 0.600000 0.600000
10 1765367000 0.600000 -1 0.600000 0.600000 0.600000
10 1765367000 0.600000 -1 0.600000 0.600000 0.600000
10 1765367000 0.600000 -1 0.600000 0.600000 0.600000
10 1765367000 0.600000 -1 0.600000 0.600000 0.600000
10 1765367000 1.200000 -1 1.200000 1.200000 1.200000
10 1765367000 1.200000 -1 1.200000 1.200000 1.200000
10 1765367000 0.600000 -1 0.600000 0.600000 0.600000
10 1765367000 0.600000 -1 0.600000 0.600000 0.600000
10 1765367000 0.600000 -1 0.600000 0.600000 0.600000
10 1765367005 0.800000 -1 0.800000 0.800000 0.800000
10 1765367005 0.800000 -1 0.800000 0.800000 0.800000
10 1765367005 0.800000 -1 0.800000 0.800000 0.800000
10 1765367005 0.800000 -1 0.800000 0.800000 0.800000
10 1765367005 0.800000 -1 0.800000 0.800000 0.800000
10 1765367005 0.800000 -1 0.800000 0.800000 0.800000
10 1765367005 0.800000 -1 0.800000 0.800000 0.800000
10 1765367005 0.800000 -1 0.800000 0.800000 0.800000
10 1765367005 0.800000 -1 0.800000 0.800000 0.800000
10 1765367005 0.800000 -1 0.800000 0.800000 0.800000
10 1765367010 0.400000 -1 0.400000 0.400000 0.400000
10 1765367010 0.400000 -1 0.400000 0.400000 0.400000
10 1765367010 0.400000 -1 0.400000 0.400000 0.400000
10 1765367010 0.400000 -1 0.400000 0.400000 0.400000
10 1765367010 0.400000 -1 0.400000 0.400000 0.400000
10 1765367010 0.400000 -1 0.400000 0.400000 0.400000
10 1765367010 0.400000 -1 0.400000 0.400000 0.400000
10 1765367010 0.800000 -1 0.800000 0.800000 0.800000
10 1765367010 0.800000 -1 0.800000 0.800000 0.800000
10 1765367010 0.400000 -1 0.400000 0.400000 0.400000
10 1765367010 0.400000 -1 0.400000 0.400000 0.400000
10 1765367010 0.400000 -1 0.400000 0.400000 0.400000
10 1765367015 0.600000 -1 0.600000 0.600000 0.600000
10 1765367015 0.600000 -1 0.600000 0.600000 0.600000
10 1765367015 0.600000 -1 0.600000 0.600000 0.600000
10 1765367015 0.600000 -1 0.600000 0.600000 0.600000
10 1765367015 0.600000 -1 0.600000 0.600000 0.600000
10 1765367015 0.600000 -1 0.600000 0.600000 0.600000
10 1765367015 0.600000 -1 0.600000 0.600000 0.600000
10 1765367015 0.800000 -1 0.800000 0.800000 0.800000
10 1765367015 0.800000 -1 0.800000 0.800000 0.800000
10 1765367015 0.600000 -1 0.600000 0.600000 0.600000
10 1765367015 0.600000 -1 0.600000 0.600000 0.600000
10 1765367015 0.600000 -1 0.600000 0.600000 0.600000
10 1765367020 0.800000 -1 0.800000 0.800000 0.800000
10 1765367020 0.800000 -1 0.800000 0.800000 0.800000
10 1765367020 0.800000 -1 0.800000 0.800000 0.800000
10 1765367020 0.800000 -1 0.800000 0.800000 0.800000
10 1765367020 0.800000 -1 0.800000 0.800000 0.800000
10 1765367020 0.800000 -1 0.800000 0.800000 0.800000
10 1765367020 0.800000 -1 0.800000 0.800000 0.800000
10 1765367020 0.400000 -1 0.400000 0.400000 0.400000
10 1765367020 0.400000 -1 0.400000 0.400000 0.400000
10 1765367020 0.800000 -1 0.800000 0.800000 0.800000
10 1765367020 0.800000 -1 0.800000 0.800000 0.800000
10 1765367020 0.800000 -1 0.800000 0.800000 0.800000
10 1765367025 0.400000 -1 0.400000 0.400000 0.400000
10 1765367025 0.400000 -1 0.400000 0.400000 0.400000
10 1765367025 0.400000 -1 0.400000 0.400000 0.400000
10 1765367025 0.400000 -1 0.400000 0.400000 0.400000
10 1765367025 0.400000 -1 0.400000 0.400000 0.400000
10 1765367025 0.400000 -1 0.400000 0.400000 0.400000
10 1765367025 0.400000 -1 0.400000 0.400000 0.400000
10 1765367025 0.600000 -1 0.600000 0.600000 0.600000
10 1765367025 0.600000 -1 0.600000 0.600000 0.600000
10 1765367025 0.400000 -1 0.400000 0.400000 0.400000
10 1765367025 0.400000 -1 0.400000 0.400000 0.400000
10 1765367025 0.400000 -1 0.400000 0.400000 0.400000
10 1765367030 0.400000 -1 0.400000 0.400000 0.400000
10 1765367030 0.400000 -1 0.400000 0.400000 0.400000
10 1765367030 0.400000 -1 0.400000 0.400000 0.400000
10 1765367030 0.400000 -1 0.400000 0.400000 0.400000
10 1765367030 0.400000 -1 0.400000 0.400000 0.400000
10 1765367030 0.400000 -1 0.400000 0.400000 0.400000
10 1765367030 0.400000 -1 0.400000 0.400000 0.400000
10 1765367030 0.400000 -1 0.400000 0.400000 0.400000
10 1765367030 0.400000 -1 0.400000 0.400000 0.400000
10 1765367030 0.400000 -1 0.400000 0.400000 0.400000
10 1765367030 0.400000 -1 0.400000 0.400000 0.400000
10 1765367030 0.400000 -1 0.400000 0.400000 0.400000
10 1765367035 0.200000 -1 0.200000 0.200000 0.200000
10 1765367035 0.200000 -1 0.200000 0.200000 0.200000
10 1765367035 0.200000 -1 0.200000 0.200000 0.200000
10 1765367035 0.200000 -1 0.200000 0.200000 0.200000
10 1765367035 0.200000 -1 0.200000 0.200000 0.200000
10 1765367035 0.200000 -1 0.200000 0.200000 0.200000
10 1765367035 0.200000 -1 0.200000 0.200000 0.200000
10 1765367035 0.800000 -1 0.800000 0.800000 0.800000
10 1765367035 0.800000 -1 0.800000 0.800000 0.800000
10 1765367035 0.200000 -1 0.200000 0.200000 0.200000
10 1765367035 0.200000 -1 0.200000 0.200000 0.200000
10 1765367035 0.200000 -1 0.200000 0.200000 0.200000
10 1765367040 0.400000 -1 0.400000 0.400000 0.400000
10 1765367040 0.400000 -1 0.400000 0.400000 0.400000
10 1765367040 0.400000 -1 0.400000 0.400000 0.400000
10 1765367040 0.400000 -1 0.400000 0.400000 0.400000
10 1765367040 0.400000 -1 0.400000 0.400000 0.400000
10 1765367040 0.400000 -1 0.400000 0.400000 0.400000
10 1765367040 0.400000 -1 0.400000 0.400000 0.400000
10 1765367040 0.400000 -1 0.400000 0.400000 0.400000
10 1765367040 0.400000 -1 0.400000 0.400000 0.400000
10 1765367040 0.400000 -1 0.400000 0.400000 0.400000
10 1765367040 0.400000 -1 0.400000 0.400000 0.400000
10 1765367040 0.400000 -1 0.400000 0.400000 0.400000
10 1765367045 0.600000 -1 0.600000 0.600000 0.600000
10 1765367045 0.600000 -1 0.600000 0.600000 0.600000
10 1765367045 0.600000 -1 0.600000 0.600000 0.600000
10 1765367045 0.600000 -1 0.600000 0.600000 0.600000
10 1765367045 0.600000 -1 0.600000 0.600000 0.600000
10 1765367045 0.600000 -1 0.600000 0.600000 0.600000
10 1765367045 0.600000 -1 0.600000 0.600000 0.600000
10 1765367045 0.200000 -1 0.200000 0.200000 0.200000
10 1765367045 0.200000 -1 0.200000 0.200000 0.200000
10 1765367045 0.600000 -1 0.600000 0.600000 0.600000
10 1765367045 0.600000 -1 0.600000 0.600000 0.600000
10 1765367045 0.600000 -1 0.600000 0.600000 0.600000
10 1765367050 0.400000 -1 0.400000 0.400000 0.400000
10 1765367050 0.400000 -1 0.400000 0.400000 0.400000
10 1765367050 0.400000 -1 0.400000 0.400000 0.400000
10 1765367050 0.400000 -1 0.400000 0.400000 0.400000
10 1765367050 0.400000 -1 0.400000 0.400000 0.400000
10 1765367050 0.400000 -1 0.400000 0.400000 0.400000
10 1765367050 0.400000 -1 0.400000 0.400000 0.400000
10 1765367050 0.400000 -1 0.400000 0.400000 0.400000
10 1765367050 0.400000 -1 0.400000 0.400000 0.400000
10 1765367050 0.400000 -1 0.400000 0.400000 0.400000
10 1765367050 0.400000 -1 0.400000 0.400000 0.400000
10 1765367050 0.400000 -1 0.400000 0.400000 0.400000
10 1765367055 0.200000 -1 0.200000 0.200000 0.200000
10 1765367055 0.200000 -1 0.200000 0.200000 0.200000
10 1765367055 0.200000 -1 0.200000 0.200000 0.200000
10 1765367055 0.200000 -1 0.200000 0.200000 0.200000
10 1765367055 0.200000 -1 0.200000 0.200000 0.200000
10 1765367055 0.200000 -1 0.200000 0.200000 0.200000
10 1765367055 0.200000 -1 0.200000 0.200000 0.200000
10 1765367055 0.600000 -1 0.600000 0.600000 0.600000
10 1765367055 0.600000 -1 0.600000 0.600000 0.600000
10 1765367055 0.200000 -1 0.200000 0.200000 0.200000
10 1765367055 0.200000 -1 0.200000 0.200000 0.200000
10 1765367055 0.200000 -1 0.200000 0.200000 0.200000
10 1765367060 0.200000 -1 0.200000 0.200000 0.200000
10 1765367060 0.200000 -1 0.200000 0.200000 0.200000
10 1765367060 0.200000 -1 0.200000 0.200000 0.200000
10 1765367060 0.200000 -1 0.200000 0.200000 0.200000
10 1765367060 0.200000 -1 0.200000 0.200000 0.200000
10 1765367060 0.200000 -1 0.200000 0.200000 0.200000
10 1765367060 0.200000 -1 0.200000 0.200000 0.200000
10 1765367060 0.400000 -1 0.400000 0.400000 0.400000
10 1765367060 0.400000 -1 0.400000 0.400000 0.400000
10 1765367060 0.200000 -1 0.200000 0.200000 0.200000
10 1765367060 0.200000 -1 0.200000 0.200000 0.200000
10 1765367060 0.200000 -1 0.200000 0.200000 0.200000
10 1765367065 0.600000 -1 0.600000 0.600000 0.600000
10 1765367065 0.600000 -1 0.600000 0.600000 0.600000
10 1765367065 0.600000 -1 0.600000 0.600000 0.600000
10 1765367065 0.600000 -1 0.600000 0.600000 0.600000
10 1765367065 0.600000 -1 0.600000 0.600000 0.600000
10 1765367065 0.600000 -1 0.600000 0.600000 0.600000
10 1765367065 0.600000 -1 0.600000 0.600000 0.600000
10 1765367065 0.200000 -1 0.200000 0.200000 0.200000
10 1765367065 0.200000 -1 0.200000 0.200000 0.200000
10 1765367065 0.600000 -1 0.600000 0.600000 0.600000
10 1765367065 0.600000 -1 0.600000 0.600000 0.600000
10 1765367065 0.600000 -1 0.600000 0.600000 0.600000
10 1765367070 0.200000 -1 0.200000 0.200000 0.200000
10 1765367070 0.200000 -1 0.200000 0.200000 0.200000
10 1765367070 0.200000 -1 0.200000 0.200000 0.200000
10 1765367070 0.200000 -1 0.200000 0.200000 0.200000
10 1765367070 0.200000 -1 0.200000 0.200000 0.200000
10 1765367070 0.200000 -1 0.200000 0.200000 0.200000
10 1765367070 0.200000 -1 0.200000 0.200000 0.200000
10 1765367070 0.200000 -1 0.200000 0.200000 0.200000
10 1765367070 0.200000 -1 0.200000 0.200000 0.200000
10 1765367070 0.200000 -1 0.200000 0.200000 0.200000
10 1765367070 0.200000 -1 0.200000 0.200000 0.200000
10 1765367070 0.200000 -1 0.200000 0.200000 0.200000
10 1765367075 0.600000 -1 0.600000 0.600000 0.600000
10 1765367075 0.600000 -1 0.600000 0.600000 0.600000
10 1765367080 0.400000 -1 0.400000 0.400000 0.400000
10 1765367080 0.400000 -1 0.400000 0.400000 0.400000
10 1765367080 0.400000 -1 0.400000 0.400000 0.400000
10 1765367080 0.400000 -1 0.400000 0.400000 0.400000
10 1765367080 0.400000 -1 0.400000 0.400000 0.400000
10 1765367080 0.400000 -1 0.400000 0.400000 0.400000
10 1765367080 0.400000 -1 0.400000 0.400000 0.400000
10 1765367080 0.200000 -1 0.200000 0.200000 0.200000
10 1765367080 0.200000 -1 0.200000 0.200000 0.200000
10 1765367080 0.400000 -1 0.400000 0.400000 0.400000
10 1765367080 0.400000 -1 0.400000 0.400000 0.400000
10 1765367080 0.400000 -1 0.400000 0.400000 0.400000
10 1765367085 0.200000 -1 0.200000 0.200000 0.200000
10 1765367085 0.200000 -1 0.200000 0.200000 0.200000
10 1765367085 0.200000 -1 0.200000 0.200000 0.200000
10 1765367085 0.200000 -1 0.200000 0.200000 0.200000
10 1765367085 0.200000 -1 0.200000 0.200000 0.200000
10 1765367085 0.200000 -1 0.200000 0.200000 0.200000
10 1765367085 0.200000 -1 0.200000 0.200000 0.200000
10 1765367085 0.200000 -1 0.200000 0.200000 0.200000
10 1765367085 0.200000 -1 0.200000 0.200000 0.200000
10 1765367085 0.200000 -1 0.200000 0.200000 0.200000
10 1765367090 0.600000 -1 0.600000 0.600000 0.600000
10 1765367090 0.600000 -1 0.600000 0.600000 0.600000
10 1765367090 0.600000 -1 0.600000 0.600000 0.600000
10 1765367090 0.600000 -1 0.600000 0.600000 0.600000
10 1765367090 0.600000 -1 0.600000 0.600000 0.600000
10 1765367090 0.600000 -1 0.600000 0.600000 0.600000
10 1765367090 0.600000 -1 0.600000 0.600000 0.600000
10 1765367090 0.200000 -1 0.200000 0.200000 0.200000
10 1765367090 0.200000 -1 0.200000 0.200000 0.200000
10 1765367090 0.600000 -1 0.600000 0.600000 0.600000
10 1765367090 0.600000 -1 0.600000 0.600000 0.600000
10 1765367090 0.600000 -1 0.600000 0.600000 0.600000
10 1765367095 0.200000 -1 0.200000 0.200000 0.200000
10 1765367095 0.200000 -1 0.200000 0.200000 0.200000
10 1765367095 0.200000 -1 0.200000 0.200000 0.200000
10 1765367095 0.200000 -1 0.200000 0.200000 0.200000
10 1765367095 0.200000 -1 0.200000 0.200000 0.200000
10 1765367095 0.200000 -1 0.200000 0.200000 0.200000
10 1765367095 0.200000 -1 0.200000 0.200000 0.200000
10 1765367095 0.400000 -1 0.400000 0.400000 0.400000
10 1765367095 0.400000 -1 0.400000 0.400000 0.400000
10 1765367095 0.200000 -1 0.200000 0.200000 0.200000
10 1765367095 0.200000 -1 0.200000 0.200000 0.200000
10 1765367095 0.200000 -1 0.200000 0.200000 0.200000
10 1765367100 0.400000 -1 0.400000 0.400000 0.400000
10 1765367100 0.400000 -1 0.400000 0.400000 0.400000
10 1765367100 0.400000 -1 0.400000 0.400000 0.400000
10 1765367100 0.400000 -1 0.400000 0.400000 0.400000
10 1765367100 0.400000 -1 0.400000 0.400000 0.400000
10 1765367100 0.400000 -1 0.400000 0.400000 0.400000
10 1765367100 0.400000 -1 0.400000 0.400000 0.400000
10 1765367100 0.600000 -1 0.600000 0.600000 0.600000
10 1765367100 0.600000 -1 0.600000 0.600000 0.600000
10 1765367100 0.400000 -1 0.400000 0.400000 0.400000
10 1765367100 0.400000 -1 0.400000 0.400000 0.400000
10 1765367100 0.400000 -1 0.400000 0.400000 0.400000
10 1765367105 0.600000 -1 0.600000 0.600000 0.600000
10 1765367105 0.600000 -1 0.600000 0.600000 0.600000
10 1765367105 0.600000 -1 0.600000 0.600000 0.600000
10 1765367105 0.600000 -1 0.600000 0.600000 0.600000
10 1765367105 0.600000 -1 0.600000 0.600000 0.600000
10 1765367105 0.600000 -1 0.600000 0.600000 0.600000
10 1765367105 0.600000 -1 0.600000 0.600000 0.600000
10 1765367105 0.200000 -1 0.200000 0.200000 0.200000
10 1765367105 0.200000 -1 0.200000 0.200000 0.200000
10 1765367105 0.600000 -1 0.600000 0.600000 0.600000
10 1765367105 0.600000 -1 0.600000 0.600000 0.600000
10 1765367105 0.600000 -1 0.600000 0.600000 0.600000
10 1765367110 0.400000 -1 0.400000 0.400000 0.400000
10 1765367110 0.400000 -1 0.400000 0.400000 0.400000
10 1765367115 0.400000 -1 0.400000 0.400000 0.400000
10 1765367115 0.400000 -1 0.400000 0.400000 0.400000
10 1765367115 0.400000 -1 0.400000 0.400000 0.400000
10 1765367115 0.400000 -1 0.400000 0.400000 0.400000
10 1765367115 0.400000 -1 0.400000 0.400000 0.400000
10 1765367115 0.400000 -1 0.400000 0.400000 0.400000
10 1765367115 0.400000 -1 0.400000 0.400000 0.400000
10 1765367115 0.600000 -1 0.600000 0.600000 0.600000
10 1765367115 0.600000 -1 0.600000 0.600000 0.600000
10 1765367115 0.400000 -1 0.400000 0.400000 0.400000
10 1765367115 0.400000 -1 0.400000 0.400000 0.400000
10 1765367115 0.400000 -1 0.400000 0.400000 0.400000
10 1765367120 0.200000 -1 0.200000 0.200000 0.200000
10 1765367120 0.200000 -1 0.200000 0.200000 0.200000
10 1765367120 0.200000 -1 0.200000 0.200000 0.200000
10 1765367120 0.200000 -1 0.200000 0.200000 0.200000
10 1765367120 0.200000 -1 0.200000 0.200000 0.200000
10 1765367120 0.200000 -1 0.200000 0.200000 0.200000
10 1765367120 0.200000 -1 0.200000 0.200000 0.200000
10 1765367120 0.200000 -1 0.200000 0.200000 0.200000
10 1765367120 0.200000 -1 0.200000 0.200000 0.200000
10 1765367120 0.200000 -1 0.200000 0.200000 0.200000
10 1765367125 0.400000 -1 0.400000 0.400000 0.400000
10 1765367125 0.400000 -1 0.400000 0.400000 0.400000
10 1765367125 0.400000 -1 0.400000 0.400000 0.400000
10 1765367125 0.400000 -1 0.400000 0.400000 0.400000
10 1765367125 0.400000 -1 0.400000 0.400000 0.400000
10 1765367125 0.400000 -1 0.400000 0.400000 0.400000
10 1765367125 0.400000 -1 0.400000 0.400000 0.400000
10 1765367125 0.400000 -1 0.400000 0.400000 0.400000
10 1765367125 0.400000 -1 0.400000 0.400000 0.400000
10 1765367125 0.400000 -1 0.400000 0.400000 0.400000
10 1765367125 0.400000 -1 0.400000 0.400000 0.400000
10 1765367125 0.400000 -1 0.400000 0.400000 0.400000
10 1765367130 0.200000 -1 0.200000 0.200000 0.200000
10 1765367130 0.200000 -1 0.200000 0.200000 0.200000
10 1765367130 0.200000 -1 0.200000 0.200000 0.200000
10 1765367130 0.200000 -1 0.200000 0.200000 0.200000
10 1765367130 0.200000 -1 0.200000 0.200000 0.200000
10 1765367130 0.200000 -1 0.200000 0.200000 0.200000
10 1765367130 0.200000 -1 0.200000 0.200000 0.200000
10 1765367130 0.200000 -1 0.200000 0.200000 0.200000
10 1765367130 0.200000 -1 0.200000 0.200000 0.200000
10 1765367130 0.200000 -1 0.200000 0.200000 0.200000
10 1765367130 0.200000 -1 0.200000 0.200000 0.200000
10 1765367130 0.200000 -1 0.200000 0.200000 0.200000
10 1765367135 0.200000 -1 0.200000 0.200000 0.200000
10 1765367135 0.200000 -1 0.200000 0.200000 0.200000
10 1765367135 0.200000 -1 0.200000 0.200000 0.200000
10 1765367135 0.200000 -1 0.200000 0.200000 0.200000
10 1765367135 0.200000 -1 0.200000 0.200000 0.200000
10 1765367135 0.200000 -1 0.200000 0.200000 0.200000
10 1765367135 0.200000 -1 0.200000 0.200000 0.200000
10 1765367135 0.400000 -1 0.400000 0.400000 0.400000
10 1765367135 0.400000 -1 0.400000 0.400000 0.400000
10 1765367135 0.200000 -1 0.200000 0.200000 0.200000
10 1765367135 0.200000 -1 0.200000 0.200000 0.200000
10 1765367135 0.200000 -1 0.200000 0.200000 0.200000
10 1765367140 0.600000 -1 0.600000 0.600000 0.600000
10 1765367140 0.600000 -1 0.600000 0.600000 0.600000
10 1765367140 0.600000 -1 0.600000 0.600000 0.600000
10 1765367140 0.600000 -1 0.600000 0.600000 0.600000
10 1765367140 0.600000 -1 0.600000 0.600000 0.600000
10 1765367140 0.600000 -1 0.600000 0.600000 0.600000
10 1765367140 0.600000 -1 0.600000 0.600000 0.600000
10 1765367140 0.200000 -1 0.200000 0.200000 0.200000
10 1765367140 0.200000 -1 0.200000 0.200000 0.200000
10 1765367140 0.600000 -1 0.600000 0.600000 0.600000
10 1765367140 0.600000 -1 0.600000 0.600000 0.600000
10 1765367140 0.600000 -1 0.600000 0.600000 0.600000
10 1765367145 0.200000 -1 0.200000 0.200000 0.200000
10 1765367145 0.200000 -1 0.200000 0.200000 0.200000
10 1765367145 0.200000 -1 0.200000 0.200000 0.200000
10 1765367145 0.200000 -1 0.200000 0.200000 0.200000
10 1765367145 0.200000 -1 0.200000 0.200000 0.200000
10 1765367145 0.200000 -1 0.200000 0.200000 0.200000
10 1765367145 0.200000 -1 0.200000 0.200000 0.200000
10 1765367145 0.200000 -1 0.200000 0.200000 0.200000
10 1765367145 0.200000 -1 0.200000 0.200000 0.200000
10 1765367145 0.200000 -1 0.200000 0.200000 0.200000
10 1765367145 0.200000 -1 0.200000 0.200000 0.200000
10 1765367145 0.200000 -1 0.200000 0.200000 0.200000
10 1765367150 0.200000 -1 0.200000 0.200000 0.200000
10 1765367150 0.200000 -1 0.200000 0.200000 0.200000
10 1765367150 0.200000 -1 0.200000 0.200000 0.200000
10 1765367150 0.200000 -1 0.200000 0.200000 0.200000
10 1765367150 0.200000 -1 0.200000 0.200000 0.200000
10 1765367150 0.200000 -1 0.200000 0.200000 0.200000
10 1765367150 0.200000 -1 0.200000 0.200000 0.200000
10 1765367150 0.600000 -1 0.600000 0.600000 0.600000
10 1765367150 0.600000 -1 0.600000 0.600000 0.600000
10 1765367150 0.200000 -1 0.200000 0.200000 0.200000
10 1765367150 0.200000 -1 0.200000 0.200000 0.200000
10 1765367150 0.200000 -1 0.200000 0.200000 0.200000
10 1765367155 0.800000 -1 0.800000 0.800000 0.800000
10 1765367155 0.800000 -1 0.800000 0.800000 0.800000
10 1765367155 0.800000 -1 0.800000 0.800000 0.800000
10 1765367155 0.800000 -1 0.800000 0.800000 0.800000
10 1765367155 0.800000 -1 0.800000 0.800000 0.800000
10 1765367155 0.800000 -1 0.800000 0.800000 0.800000
10 1765367155 0.800000 -1 0.800000 0.800000 0.800000
10 1765367155 0.200000 -1 0.200000 0.200000 0.200000
10 1765367155 0.200000 -1 0.200000 0.200000 0.200000
10 1765367155 0.800000 -1 0.800000 0.800000 0.800000
10 1765367155 0.800000 -1 0.800000 0.800000 0.800000
10 1765367155 0.800000 -1 0.800000 0.800000 0.800000
10 1765367160 0.200000 -1 0.200000 0.200000 0.200000
10 1765367160 0.200000 -1 0.200000 0.200000 0.200000
10 1765367160 0.200000 -1 0.200000 0.200000 0.200000
10 1765367160 0.200000 -1 0.200000 0.200000 0.200000
10 1765367160 0.200000 -1 0.200000 0.200000 0.200000
10 1765367160 0.200000 -1 0.200000 0.200000 0.200000
10 1765367160 0.200000 -1 0.200000 0.200000 0.200000
10 1765367160 0.200000 -1 0.200000 0.200000 0.200000
10 1765367160 0.200000 -1 0.200000 0.200000 0.200000
10 1765367160 0.200000 -1 0.200000 0.200000 0.200000
10 1765367160 0.200000 -1 0.200000 0.200000 0.200000
10 1765367160 0.200000 -1 0.200000 0.200000 0.200000
10 1765367165 0.400000 -1 0.400000 0.400000 0.400000
10 1765367165 0.400000 -1 0.400000 0.400000 0.400000
10 1765367165 0.400000 -1 0.400000 0.400000 0.400000
10 1765367165 0.400000 -1 0.400000 0.400000 0.400000
10 1765367165 0.400000 -1 0.400000 0.400000 0.400000
10 1765367165 0.400000 -1 0.400000 0.400000 0.400000
10 1765367165 0.400000 -1 0.400000 0.400000 0.400000
10 1765367165 0.800000 -1 0.800000 0.800000 0.800000
10 1765367165 0.800000 -1 0.800000 0.800000 0.800000
10 1765367165 0.400000 -1 0.400000 0.400000 0.400000
10 1765367165 0.400000 -1 0.400000 0.400000 0.400000
10 1765367165 0.400000 -1 0.400000 0.400000 0.400000
10 1765367170 0.400000 -1 0.400000 0.400000 0.400000
10 1765367170 0.400000 -1 0.400000 0.400000 0.400000
10 1765367170 0.400000 -1 0.400000 0.400000 0.400000
10 1765367170 0.400000 -1 0.400000 0.400000 0.400000
10 1765367170 0.400000 -1 0.400000 0.400000 0.400000
10 1765367170 0.400000 -1 0.400000 0.400000 0.400000
10 1765367170 0.400000 -1 0.400000 0.400000 0.400000
10 1765367170 0.200000 -1 0.200000 0.200000 0.200000
10 1765367170 0.200000 -1 0.200000 0.200000 0.200000
10 1765367170 0.400000 -1 0.400000 0.400000 0.400000
10 1765367170 0.400000 -1 0.400000 0.400000 0.400000
10 1765367170 0.400000 -1 0.400000 0.400000 0.400000
10 1765367175 0.800000 -1 0.800000 0.800000 0.800000
10 1765367175 0.800000 -1 0.800000 0.800000 0.800000
10 1765367175 0.800000 -1 0.800000 0.800000 0.800000
10 1765367175 0.800000 -1 0.800000 0.800000 0.800000
10 1765367175 0.800000 -1 0.800000 0.800000 0.800000
10 1765367175 0.800000 -1 0.800000 0.800000 0.800000
10 1765367175 0.800000 -1 0.800000 0.800000 0.800000
10 1765367175 0.400000 -1 0.400000 0.400000 0.400000
10 1765367175 0.400000 -1 0.400000 0.400000 0.400000
10 1765367175 0.800000 -1 0.800000 0.800000 0.800000
10 1765367175 0.800000 -1 0.800000 0.800000 0.800000
10 1765367175 0.800000 -1 0.800000 0.800000 0.800000
10 1765367180 0.200000 -1 0.200000 0.200000 0.200000
10 1765367180 0.200000 -1 0.200000 0.200000 0.200000
10 1765367180 0.200000 -1 0.200000 0.200000 0.200000
10 1765367180 0.200000 -1 0.200000 0.200000 0.200000
10 1765367180 0.200000 -1 0.200000 0.200000 0.200000
10 1765367180 0.200000 -1 0.200000 0.200000 0.200000
10 1765367180 0.200000 -1 0.200000 0.200000 0.200000
10 1765367180 0.400000 -1 0.400000 0.400000 0.400000
10 1765367180 0.400000 -1 0.400000 0.400000 0.400000
10 1765367180 0.200000 -1 0.200000 0.200000 0.200000
10 1765367180 0.200000 -1 0.200000 0.200000 0.200000
10 1765367180 0.200000 -1 0.200000 0.200000 0.200000
10 1765367185 0.600000 -1 0.600000 0.600000 0.600000
10 1765367185 0.600000 -1 0.600000 0.600000 0.600000
10 1765367185 0.600000 -1 0.600000 0.600000 0.600000
10 1765367185 0.600000 -1 0.600000 0.600000 0.600000
10 1765367185 0.600000 -1 0.600000 0.600000 0.600000
10 1765367185 0.600000 -1 0.600000 0.600000 0.600000
10 1765367185 0.600000 -1 0.600000 0.600000 0.600000
10 1765367185 0.600000 -1 0.600000 0.600000 0.600000
10 1765367185 0.600000 -1 0.600000 0.600000 0.600000
10 1765367185 0.600000 -1 0.600000 0.600000 0.600000
10 1765367185 0.600000 -1 0.600000 0.600000 0.600000
10 1765367185 0.600000 -1 0.600000 0.600000 0.600000
10 1765367190 0.200000 -1 0.200000 0.200000 0.200000
10 1765367190 0.200000 -1 0.200000 0.200000 0.200000
10 1765367190 0.200000 -1 0.200000 0.200000 0.200000
10 1765367190 0.200000 -1 0.200000 0.200000 0.200000
10 1765367190 0.200000 -1 0.200000 0.200000 0.200000
10 1765367190 0.200000 -1 0.200000 0.200000 0.200000
10 1765367190 0.200000 -1 0.200000 0.200000 0.200000
10 1765367190 0.400000 -1 0.400000 0.400000 0.400000
10 1765367190 0.400000 -1 0.400000 0.400000 0.400000
10 1765367190 0.200000 -1 0.200000 0.200000 0.200000
10 1765367190 0.200000 -1 0.200000 0.200000 0.200000
10 1765367190 0.200000 -1 0.200000 0.200000 0.200000
10 1765367195 0.400000 -1 0.400000 0.400000 0.400000
10 1765367195 0.400000 -1 0.400000 0.400000 0.400000
10 1765367195 0.400000 -1 0.400000 0.400000 0.400000
10 1765367195 0.400000 -1 0.400000 0.400000 0.400000
10 1765367195 0.400000 -1 0.400000 0.400000 0.400000
10 1765367195 0.400000 -1 0.400000 0.400000 0.400000
10 1765367195 0.400000 -1 0.400000 0.400000 0.400000
10 1765367195 0.400000 -1 0.400000 0.400000 0.400000
10 1765367195 0.400000 -1 0.400000 0.400000 0.400000
10 1765367195 0.400000 -1 0.400000 0.400000 0.400000
10 1765367195 0.400000 -1 0.400000 0.400000 0.400000
10 1765367195 0.400000 -1 0.400000 0.400000 0.400000
10 1765367200 0.400000 -1 0.400000 0.400000 0.400000
10 1765367200 0.400000 -1 0.400000 0.400000 0.400000
10 1765367200 0.400000 -1 0.400000 0.400000 0.400000
10 1765367200 0.400000 -1 0.400000 0.400000 0.400000
10 1765367200 0.400000 -1 0.400000 0.400000 0.400000
10 1765367200 0.400000 -1 0.400000 0.400000 0.400000
10 1765367200 0.400000 -1 0.400000 0.400000 0.400000
10 1765367200 0.400000 -1 0.400000 0.400000 0.400000
10 1765367200 0.400000 -1 0.400000 0.400000 0.400000
10 1765367200 0.400000 -1 0.400000 0.400000 0.400000
10 1765367200 0.400000 -1 0.400000 0.400000 0.400000
10 1765367200 0.400000 -1 0.400000 0.400000 0.400000
10 1765367205 0.400000 -1 0.400000 0.400000 0.400000
10 1765367205 0.400000 -1 0.400000 0.400000 0.400000
10 1765367210 0.400000 -1 0.400000 0.400000 0.400000
10 1765367210 0.200000 -1 0.200000 0.200000 0.200000
10 1765367210 0.400000 -1 0.400000 0.400000 0.400000
10 1765367210 0.400000 -1 0.400000 0.400000 0.400000
10 1765367210 0.400000 -1 0.400000 0.400000 0.400000
10 1765367210 0.400000 -1 0.400000 0.400000 0.400000
10 1765367210 0.400000 -1 0.400000 0.400000 0.400000
10 1765367210 0.400000 -1 0.400000 0.400000 0.400000
10 1765367210 0.400000 -1 0.400000 0.400000 0.400000
10 1765367210 0.400000 -1 0.400000 0.400000 0.400000
10 1765367210 0.400000 -1 0.400000 0.400000 0.400000
10 1765367210 0.400000 -1 0.400000 0.400000 0.400000
10 1765367210 0.400000 -1 0.400000 0.400000 0.400000
10 1765367215 0.400000 -1 0.400000 0.400000 0.400000
10 1765367215 0.400000 -1 0.400000 0.400000 0.400000
10 1765367215 0.400000 -1 0.400000 0.400000 0.400000
10 1765367215 0.400000 -1 0.400000 0.400000 0.400000
10 1765367215 0.400000 -1 0.400000 0.400000 0.400000
10 1765367215 0.400000 -1 0.400000 0.400000 0.400000
10 1765367215 0.400000 -1 0.400000 0.400000 0.400000
10 1765367215 0.400000 -1 0.400000 0.400000 0.400000
10 1765367215 0.400000 -1 0.400000 0.400000 0.400000
10 1765367215 0.400000 -1 0.400000 0.400000 0.400000
10 1765367220 0.400000 -1 0.400000 0.400000 0.400000
10 1765367220 0.400000 -1 0.400000 0.400000 0.400000
10 1765367220 0.400000 -1 0.400000 0.400000 0.400000
10 1765367225 0.200000 -1 0.200000 0.200000 0.200000
10 1765367225 0.400000 -1 0.400000 0.400000 0.400000
10 1765367225 0.200000 -1 0.200000 0.200000 0.200000
10 1765367225 0.200000 -1 0.200000 0.200000 0.200000
10 1765367225 0.200000 -1 0.200000 0.200000 0.200000
10 1765367225 0.200000 -1 0.200000 0.200000 0.200000
10 1765367225 0.200000 -1 0.200000 0.200000 0.200000
10 1765367225 0.200000 -1 0.200000 0.200000 0.200000
10 1765367225 0.400000 -1 0.400000 0.400000 0.400000
10 1765367225 0.400000 -1 0.400000 0.400000 0.400000
10 1765367225 0.200000 -1 0.200000 0.200000 0.200000
10 1765367225 0.200000 -1 0.200000 0.200000 0.200000
10 1765367225 0.200000 -1 0.200000 0.200000 0.200000
10 1765367235 0.200000 -1 0.200000 0.200000 0.200000
10 1765367235 0.200000 -1 0.200000 0.200000 0.200000
10 1765367235 0.200000 -1 0.200000 0.200000 0.200000
10 1765367240 0.200000 -1 0.200000 0.200000 0.200000
10 1765367240 0.200000 -1 0.200000 0.200000 0.200000
10 1765367240 0.200000 -1 0.200000 0.200000 0.200000
10 1765367240 0.200000 -1 0.200000 0.200000 0.200000
10 1765367240 0.200000 -1 0.200000 0.200000 0.200000
10 1765367240 0.200000 -1 0.200000 0.200000 0.200000
10 1765367240 0.200000 -1 0.200000 0.200000 0.200000
10 1765367240 0.200000 -1 0.200000 0.200000 0.200000
10 1765367240 0.200000 -1 0.200000 0.200000 0.200000
10 1765367240 0.200000 -1 0.200000 0.200000 0.200000
10 1765367250 0.200000 -1 0.200000 0.200000 0.200000
10 1765367250 0.200000 -1 0.200000 0.200000 0.200000
10 1765367250 0.200000 -1 0.200000 0.200000 0.200000
10 1765367285 0.400000 -1 0.400000 0.400000 0.400000
10 1765367305 0.200000 -1 0.200000 0.200000 0.200000
10 1765367315 0.250000 -1 0.250000 0.250000 0.250000
