11 1765366730 0.000285 1 0.000285 0.000285 0.000285
16 1765366735 0.000073 1 0.000073 0.000073 0.000073
18 1765366735 1.264042 1 1.264042 1.264042 1.264042
20 1765366735 0.000003 1 0.000003 0.000003 0.000003
22 1765366735 0.000080 1 0.000080 0.000080 0.000080
24 1765366735 0.000003 1 0.000003 0.000003 0.000003
26 1765366735 0.000002 1 0.000002 0.000002 0.000002
28 1765366735 6.162625 1 6.162625 6.162625 6.162625
30 1765366735 0.000084 1 0.000084 0.000084 0.000084
32 1765366735 0.000081 1 0.000081 0.000081 0.000081
34 1765366735 0.000003 1 0.000003 0.000003 0.000003
43 1765366745 10.377042 1 10.377042 10.377042 10.377042
45 1765366745 10.377248 1 10.377248 10.377248 10.377248
11 1765366850 0.000295 10 0.000295 0.000295 0.000295
16 1765366855 0.000177 10 0.000177 0.000177 0.000177
18 1765366855 1.793331 10 1.793331 1.793331 1.793331
20 1765366855 0.000006 10 0.000006 0.000006 0.000006
22 1765366855 0.000255 10 0.000255 0.000255 0.000255
24 1765366855 0.000004 10 0.000004 0.000004 0.000004
26 1765366855 0.000004 10 0.000004 0.000004 0.000004
28 1765366855 6.591478 10 6.591478 6.591478 6.591478
30 1765366855 0.000132 10 0.000132 0.000132 0.000132
32 1765366855 0.000163 10 0.000163 0.000163 0.000163
34 1765366855 0.000004 10 0.000004 0.000004 0.000004
43 1765366865 10.948514 10 10.948514 10.948514 10.948514
45 1765366865 10.948789 10 10.948789 10.948789 10.948789
16 1765366870 0.000274 4 0.000274 0.000274 0.000274
18 1765366870 1.328500 4 1.328500 1.328500 1.328500
20 1765366870 0.000004 4 0.000004 0.000004 0.000004
22 1765366870 0.000136 4 0.000136 0.000136 0.000136
24 1765366870 0.000003 4 0.000003 0.000003 0.000003
26 1765366870 0.000003 4 0.000003 0.000003 0.000003
28 1765366870 5.947825 4 5.947825 5.947825 5.947825
30 1765366870 0.000121 4 0.000121 0.000121 0.000121
32 1765366870 0.000134 4 0.000134 0.000134 0.000134
34 1765366870 0.000005 4 0.000005 0.000005 0.000005
16 1765366875 0.000114 5 0.000114 0.000114 0.000114
18 1765366875 1.489996 5 1.489996 1.489996 1.489996
20 1765366875 0.000004 5 0.000004 0.000004 0.000004
22 1765366875 0.000119 5 0.000119 0.000119 0.000119
24 1765366875 0.000004 5 0.000004 0.000004 0.000004
26 1765366875 0.000004 5 0.000004 0.000004 0.000004
28 1765366875 6.378345 5 6.378345 6.378345 6.378345
30 1765366875 0.000116 5 0.000116 0.000116 0.000116
32 1765366875 0.000128 5 0.000128 0.000128 0.000128
34 1765366875 0.000003 5 0.000003 0.000003 0.000003
43 1765366880 10.409832 2 10.409832 10.409832 10.409832
45 1765366880 10.410110 2 10.410110 10.410110 10.410110
16 1765366885 0.000073 2 0.000073 0.000073 0.000073
18 1765366885 5.422776 2 5.422776 5.422776 5.422776
20 1765366885 0.000003 2 0.000003 0.000003 0.000003
22 1765366885 0.000077 2 0.000077 0.000077 0.000077
24 1765366885 0.000003 2 0.000003 0.000003 0.000003
26 1765366885 0.000003 2 0.000003 0.000003 0.000003
28 1765366885 11.355522 2 11.355522 11.355522 11.355522
43 1765366885 10.571562 7 10.571562 10.571562 10.571562
45 1765366885 10.571813 7 10.571813 10.571813 10.571813
30 1765366885 0.000082 2 0.000082 0.000082 0.000082
32 1765366885 0.000072 2 0.000072 0.000072 0.000072
34 1765366885 0.000002 2 0.000002 0.000002 0.000002
16 1765366890 0.000096 6 0.000096 0.000096 0.000096
18 1765366890 1.577914 6 1.577914 1.577914 1.577914
20 1765366890 0.000004 6 0.000004 0.000004 0.000004
22 1765366890 0.000114 6 0.000114 0.000114 0.000114
24 1765366890 0.000003 6 0.000003 0.000003 0.000003
26 1765366890 0.000004 6 0.000004 0.000004 0.000004
28 1765366890 6.028049 6 6.028049 6.028049 6.028049
30 1765366890 0.000120 6 0.000120 0.000120 0.000120
32 1765366890 0.000094 6 0.000094 0.000094 0.000094
34 1765366890 0.000002 6 0.000002 0.000002 0.000002
16 1765366895 0.000071 1 0.000071 0.000071 0.000071
18 1765366895 6.410400 1 6.410400 6.410400 6.410400
20 1765366895 0.000008 1 0.000008 0.000008 0.000008
22 1765366895 0.000136 1 0.000136 0.000136 0.000136
24 1765366895 0.000002 1 0.000002 0.000002 0.000002
26 1765366895 0.000005 1 0.000005 0.000005 0.000005
28 1765366895 14.918465 1 14.918465 14.918465 14.918465
43 1765366895 10.401505 1 10.401505 10.401505 10.401505
45 1765366895 10.401682 1 10.401682 10.401682 10.401682
30 1765366895 0.000147 1 0.000147 0.000147 0.000147
32 1765366895 0.000075 1 0.000075 0.000075 0.000075
34 1765366895 0.000002 1 0.000002 0.000002 0.000002
16 1765366900 0.000073 2 0.000073 0.000073 0.000073
18 1765366900 5.817218 2 5.817218 5.817218 5.817218
20 1765366900 0.000003 2 0.000003 0.000003 0.000003
22 1765366900 0.000074 2 0.000074 0.000074 0.000074
24 1765366900 0.000003 2 0.000003 0.000003 0.000003
26 1765366900 0.000003 2 0.000003 0.000003 0.000003
28 1765366900 11.004840 2 11.004840 11.004840 11.004840
43 1765366900 10.481883 7 10.481883 10.481883 10.481883
45 1765366900 10.482076 7 10.482076 10.482076 10.482076
30 1765366900 0.000081 2 0.000081 0.000081 0.000081
32 1765366900 0.000070 2 0.000070 0.000070 0.000070
34 1765366900 0.000003 2 0.000003 0.000003 0.000003
16 1765366905 0.000112 5 0.000112 0.000112 0.000112
18 1765366905 1.237648 5 1.237648 1.237648 1.237648
20 1765366905 0.000003 5 0.000003 0.000003 0.000003
22 1765366905 0.000099 5 0.000099 0.000099 0.000099
24 1765366905 0.000004 5 0.000004 0.000004 0.000004
26 1765366905 0.000004 5 0.000004 0.000004 0.000004
28 1765366905 6.015060 5 6.015060 6.015060 6.015060
30 1765366905 0.000145 5 0.000145 0.000145 0.000145
32 1765366905 0.000140 5 0.000140 0.000140 0.000140
34 1765366905 0.000004 5 0.000004 0.000004 0.000004
16 1765366910 0.000117 1 0.000117 0.000117 0.000117
18 1765366910 1.472256 1 1.472256 1.472256 1.472256
20 1765366910 0.000003 1 0.000003 0.000003 0.000003
22 1765366910 0.000084 1 0.000084 0.000084 0.000084
24 1765366910 0.000005 1 0.000005 0.000005 0.000005
26 1765366910 0.000002 1 0.000002 0.000002 0.000002
28 1765366910 6.757111 1 6.757111 6.757111 6.757111
43 1765366910 10.556614 3 10.556614 10.556614 10.556614
45 1765366910 10.556828 3 10.556828 10.556828 10.556828
30 1765366910 0.000102 1 0.000102 0.000102 0.000102
32 1765366910 0.000096 1 0.000096 0.000096 0.000096
34 1765366910 0.000005 1 0.000005 0.000005 0.000005
16 1765366915 0.000072 2 0.000072 0.000072 0.000072
18 1765366915 1.225182 2 1.225182 1.225182 1.225182
20 1765366915 0.000003 2 0.000003 0.000003 0.000003
22 1765366915 0.000077 2 0.000077 0.000077 0.000077
24 1765366915 0.000003 2 0.000003 0.000003 0.000003
26 1765366915 0.000003 2 0.000003 0.000003 0.000003
28 1765366915 5.988391 2 5.988391 5.988391 5.988391
43 1765366915 10.539303 5 10.539303 10.539303 10.539303
45 1765366915 10.539538 5 10.539538 10.539538 10.539538
30 1765366915 0.000090 2 0.000090 0.000090 0.000090
32 1765366915 0.000082 2 0.000082 0.000082 0.000082
34 1765366915 0.000003 2 0.000003 0.000003 0.000003
16 1765366920 0.000072 2 0.000072 0.000072 0.000072
18 1765366920 1.334379 2 1.334379 1.334379 1.334379
20 1765366920 0.000003 2 0.000003 0.000003 0.000003
22 1765366920 0.000081 2 0.000081 0.000081 0.000081
24 1765366920 0.000003 2 0.000003 0.000003 0.000003
26 1765366920 0.000004 2 0.000004 0.000004 0.000004
28 1765366920 6.092271 2 6.092271 6.092271 6.092271
43 1765366920 10.763456 1 10.763456 10.763456 10.763456
45 1765366920 10.763657 1 10.763657 10.763657 10.763657
30 1765366920 0.000102 2 0.000102 0.000102 0.000102
32 1765366920 0.000076 2 0.000076 0.000076 0.000076
34 1765366920 0.000003 2 0.000003 0.000003 0.000003
16 1765366925 0.000072 3 0.000072 0.000072 0.000072
18 1765366925 1.549470 3 1.549470 1.549470 1.549470
20 1765366925 0.000003 3 0.000003 0.000003 0.000003
22 1765366925 0.000084 3 0.000084 0.000084 0.000084
24 1765366925 0.000002 3 0.000002 0.000002 0.000002
26 1765366925 0.000003 3 0.000003 0.000003 0.000003
28 1765366925 7.059451 3 7.059451 7.059451 7.059451
43 1765366925 10.408035 2 10.408035 10.408035 10.408035
45 1765366925 10.408265 2 10.408265 10.408265 10.408265
30 1765366925 0.000096 3 0.000096 0.000096 0.000096
32 1765366925 0.000073 3 0.000073 0.000073 0.000073
34 1765366925 0.000002 3 0.000002 0.000002 0.000002
16 1765366930 0.000100 2 0.000100 0.000100 0.000100
18 1765366930 9.008747 2 9.008747 9.008747 9.008747
20 1765366930 0.000004 2 0.000004 0.000004 0.000004
22 1765366930 0.000134 2 0.000134 0.000134 0.000134
24 1765366930 0.000004 2 0.000004 0.000004 0.000004
26 1765366930 0.000004 2 0.000004 0.000004 0.000004
28 1765366930 16.851255 2 16.851255 16.851255 16.851255
43 1765366930 10.716013 1 10.716013 10.716013 10.716013
45 1765366930 10.716214 1 10.716214 10.716214 10.716214
30 1765366930 0.000111 2 0.000111 0.000111 0.000111
32 1765366930 0.000118 2 0.000118 0.000118 0.000118
34 1765366930 0.000003 2 0.000003 0.000003 0.000003
16 1765366935 0.000072 2 0.000072 0.000072 0.000072
18 1765366935 1.340168 2 1.340168 1.340168 1.340168
20 1765366935 0.000003 2 0.000003 0.000003 0.000003
22 1765366935 0.000075 2 0.000075 0.000075 0.000075
24 1765366935 0.000003 2 0.000003 0.000003 0.000003
26 1765366935 0.000003 2 0.000003 0.000003 0.000003
28 1765366935 6.020714 2 6.020714 6.020714 6.020714
43 1765366935 10.510244 4 10.510244 10.510244 10.510244
45 1765366935 10.510473 4 10.510473 10.510473 10.510473
30 1765366935 0.000086 2 0.000086 0.000086 0.000086
32 1765366935 0.000075 2 0.000075 0.000075 0.000075
34 1765366935 0.000003 2 0.000003 0.000003 0.000003
16 1765366940 0.000073 4 0.000073 0.000073 0.000073
18 1765366940 4.929840 4 4.929840 4.929840 4.929840
20 1765366940 0.000003 4 0.000003 0.000003 0.000003
22 1765366940 0.000083 4 0.000083 0.000083 0.000083
24 1765366940 0.000002 4 0.000002 0.000002 0.000002
26 1765366940 0.000004 4 0.000004 0.000004 0.000004
28 1765366940 10.108630 4 10.108630 10.108630 10.108630
43 1765366940 10.629011 2 10.629011 10.629011 10.629011
45 1765366940 10.629197 2 10.629197 10.629197 10.629197
30 1765366940 0.000096 4 0.000096 0.000096 0.000096
32 1765366940 0.000073 4 0.000073 0.000073 0.000073
34 1765366940 0.000003 4 0.000003 0.000003 0.000003
16 1765366945 0.000075 2 0.000075 0.000075 0.000075
18 1765366945 1.256669 2 1.256669 1.256669 1.256669
20 1765366945 0.000002 2 0.000002 0.000002 0.000002
22 1765366945 0.000078 2 0.000078 0.000078 0.000078
24 1765366945 0.000003 2 0.000003 0.000003 0.000003
26 1765366945 0.000003 2 0.000003 0.000003 0.000003
28 1765366945 6.429604 2 6.429604 6.429604 6.429604
43 1765366945 10.675465 1 10.675465 10.675465 10.675465
45 1765366945 10.675646 1 10.675646 10.675646 10.675646
30 1765366945 0.000083 2 0.000083 0.000083 0.000083
32 1765366945 0.000077 2 0.000077 0.000077 0.000077
34 1765366945 0.000003 2 0.000003 0.000003 0.000003
43 1765366950 10.802451 4 10.802451 10.802451 10.802451
45 1765366950 10.802652 4 10.802652 10.802652 10.802652
16 1765366955 0.000094 3 0.000094 0.000094 0.000094
18 1765366955 2.339973 3 2.339973 2.339973 2.339973
20 1765366955 0.000003 3 0.000003 0.000003 0.000003
22 1765366955 0.000105 3 0.000105 0.000105 0.000105
24 1765366955 0.000003 3 0.000003 0.000003 0.000003
26 1765366955 0.000004 3 0.000004 0.000004 0.000004
28 1765366955 7.659660 3 7.659660 7.659660 7.659660
43 1765366955 10.801286 2 10.801286 10.801286 10.801286
45 1765366955 10.801471 2 10.801471 10.801471 10.801471
30 1765366955 0.000118 3 0.000118 0.000118 0.000118
32 1765366955 0.000098 3 0.000098 0.000098 0.000098
34 1765366955 0.000003 3 0.000003 0.000003 0.000003
16 1765366960 0.000078 1 0.000078 0.000078 0.000078
18 1765366960 1.282488 1 1.282488 1.282488 1.282488
20 1765366960 0.000004 1 0.000004 0.000004 0.000004
22 1765366960 0.000082 1 0.000082 0.000082 0.000082
24 1765366960 0.000003 1 0.000003 0.000003 0.000003
26 1765366960 0.000003 1 0.000003 0.000003 0.000003
28 1765366960 5.953379 1 5.953379 5.953379 5.953379
43 1765366960 10.423705 1 10.423705 10.423705 10.423705
45 1765366960 10.423849 1 10.423849 10.423849 10.423849
30 1765366960 0.000100 1 0.000100 0.000100 0.000100
32 1765366960 0.000080 1 0.000080 0.000080 0.000080
34 1765366960 0.000003 1 0.000003 0.000003 0.000003
16 1765366965 0.000082 2 0.000082 0.000082 0.000082
18 1765366965 1.533182 2 1.533182 1.533182 1.533182
20 1765366965 0.000003 2 0.000003 0.000003 0.000003
22 1765366965 0.000083 2 0.000083 0.000083 0.000083
24 1765366965 0.000003 2 0.000003 0.000003 0.000003
26 1765366965 0.000005 2 0.000005 0.000005 0.000005
28 1765366965 19.996466 2 19.996466 19.996466 19.996466
43 1765366965 10.611627 3 10.611627 10.611627 10.611627
45 1765366965 10.611855 3 10.611855 10.611855 10.611855
30 1765366965 0.000151 2 0.000151 0.000151 0.000151
32 1765366965 0.000151 2 0.000151 0.000151 0.000151
34 1765366965 0.000002 2 0.000002 0.000002 0.000002
16 1765366970 0.000094 2 0.000094 0.000094 0.000094
18 1765366970 1.732542 2 1.732542 1.732542 1.732542
20 1765366970 0.000003 2 0.000003 0.000003 0.000003
22 1765366970 0.000103 2 0.000103 0.000103 0.000103
24 1765366970 0.000004 2 0.000004 0.000004 0.000004
26 1765366970 0.000003 2 0.000003 0.000003 0.000003
28 1765366970 7.193418 2 7.193418 7.193418 7.193418
30 1765366970 0.000088 2 0.000088 0.000088 0.000088
32 1765366970 0.000119 2 0.000119 0.000119 0.000119
34 1765366970 0.000002 2 0.000002 0.000002 0.000002
16 1765366975 0.000071 3 0.000071 0.000071 0.000071
18 1765366975 4.602215 3 4.602215 4.602215 4.602215
20 1765366975 0.000003 3 0.000003 0.000003 0.000003
22 1765366975 0.000085 3 0.000085 0.000085 0.000085
24 1765366975 0.000002 3 0.000002 0.000002 0.000002
26 1765366975 0.000004 3 0.000004 0.000004 0.000004
28 1765366975 17.462610 3 17.462610 17.462610 17.462610
43 1765366975 10.923280 3 10.923280 10.923280 10.923280
45 1765366975 10.923484 3 10.923484 10.923484 10.923484
30 1765366975 0.000105 3 0.000105 0.000105 0.000105
32 1765366975 0.000073 3 0.000073 0.000073 0.000073
34 1765366975 0.000003 3 0.000003 0.000003 0.000003
16 1765366980 0.000071 1 0.000071 0.000071 0.000071
18 1765366980 1.155762 1 1.155762 1.155762 1.155762
20 1765366980 0.000003 1 0.000003 0.000003 0.000003
22 1765366980 0.000075 1 0.000075 0.000075 0.000075
24 1765366980 0.000003 1 0.000003 0.000003 0.000003
26 1765366980 0.000003 1 0.000003 0.000003 0.000003
28 1765366980 5.816914 1 5.816914 5.816914 5.816914
43 1765366980 10.577441 1 10.577441 10.577441 10.577441
45 1765366980 10.577674 1 10.577674 10.577674 10.577674
30 1765366980 0.000084 1 0.000084 0.000084 0.000084
32 1765366980 0.000072 1 0.000072 0.000072 0.000072
34 1765366980 0.000002 1 0.000002 0.000002 0.000002
16 1765366985 0.000070 1 0.000070 0.000070 0.000070
18 1765366985 4.547052 1 4.547052 4.547052 4.547052
20 1765366985 0.000002 1 0.000002 0.000002 0.000002
22 1765366985 0.000074 1 0.000074 0.000074 0.000074
24 1765366985 0.000002 1 0.000002 0.000002 0.000002
26 1765366985 0.000003 1 0.000003 0.000003 0.000003
28 1765366985 73.951876 1 73.951876 73.951876 73.951876
43 1765366985 10.428947 3 10.428947 10.428947 10.428947
45 1765366985 10.429565 3 10.429565 10.429565 10.429565
30 1765366985 0.000085 1 0.000085 0.000085 0.000085
32 1765366985 0.000079 1 0.000079 0.000079 0.000079
34 1765366985 0.000002 1 0.000002 0.000002 0.000002
16 1765366990 0.000091 6 0.000091 0.000091 0.000091
18 1765366990 3.120522 6 3.120522 3.120522 3.120522
20 1765366990 0.000003 6 0.000003 0.000003 0.000003
22 1765366990 0.000095 6 0.000095 0.000095 0.000095
24 1765366990 0.000003 6 0.000003 0.000003 0.000003
26 1765366990 0.000003 6 0.000003 0.000003 0.000003
28 1765366990 12.765889 6 12.765889 12.765889 12.765889
43 1765366990 10.441714 2 10.441714 10.441714 10.441714
45 1765366990 10.441944 2 10.441944 10.441944 10.441944
30 1765366990 0.000112 6 0.000112 0.000112 0.000112
32 1765366990 0.000080 6 0.000080 0.000080 0.000080
34 1765366990 0.000003 6 0.000003 0.000003 0.000003
16 1765366995 0.000070 1 0.000070 0.000070 0.000070
18 1765366995 1.189199 1 1.189199 1.189199 1.189199
20 1765366995 0.000003 1 0.000003 0.000003 0.000003
22 1765366995 0.000078 1 0.000078 0.000078 0.000078
24 1765366995 0.000003 1 0.000003 0.000003 0.000003
26 1765366995 0.000003 1 0.000003 0.000003 0.000003
28 1765366995 5.526160 1 5.526160 5.526160 5.526160
43 1765366995 10.379622 1 10.379622 10.379622 10.379622
45 1765366995 10.379805 1 10.379805 10.379805 10.379805
30 1765366995 0.000088 1 0.000088 0.000088 0.000088
32 1765366995 0.000071 1 0.000071 0.000071 0.000071
34 1765366995 0.000002 1 0.000002 0.000002 0.000002
16 1765367000 0.000078 3 0.000078 0.000078 0.000078
18 1765367000 35.445111 3 35.445111 35.445111 35.445111
20 1765367000 0.000003 3 0.000003 0.000003 0.000003
22 1765367000 0.000084 3 0.000084 0.000084 0.000084
24 1765367000 0.000003 3 0.000003 0.000003 0.000003
26 1765367000 0.000004 3 0.000004 0.000004 0.000004
28 1765367000 43.906407 3 43.906407 43.906407 43.906407
43 1765367000 10.453357 6 10.453357 10.453357 10.453357
45 1765367000 10.453562 6 10.453562 10.453562 10.453562
30 1765367000 0.000110 3 0.000110 0.000110 0.000110
32 1765367000 0.000098 3 0.000098 0.000098 0.000098
34 1765367000 0.000003 3 0.000003 0.000003 0.000003
16 1765367005 0.000078 4 0.000078 0.000078 0.000078
18 1765367005 1.604103 4 1.604103 1.604103 1.604103
20 1765367005 0.000003 4 0.000003 0.000003 0.000003
22 1765367005 0.000092 4 0.000092 0.000092 0.000092
24 1765367005 0.000003 4 0.000003 0.000003 0.000003
26 1765367005 0.000003 4 0.000003 0.000003 0.000003
28 1765367005 12.673985 4 12.673985 12.673985 12.673985
30 1765367005 0.000086 4 0.000086 0.000086 0.000086
32 1765367005 0.000077 4 0.000077 0.000077 0.000077
34 1765367005 0.000003 4 0.000003 0.000003 0.000003
16 1765367010 0.000095 2 0.000095 0.000095 0.000095
18 1765367010 1.348397 2 1.348397 1.348397 1.348397
20 1765367010 0.000003 2 0.000003 0.000003 0.000003
22 1765367010 0.000123 2 0.000123 0.000123 0.000123
24 1765367010 0.000003 2 0.000003 0.000003 0.000003
26 1765367010 0.000003 2 0.000003 0.000003 0.000003
28 1765367010 7.084089 2 7.084089 7.084089 7.084089
43 1765367010 10.971916 4 10.971916 10.971916 10.971916
45 1765367010 10.972107 4 10.972107 10.972107 10.972107
30 1765367010 0.000097 2 0.000097 0.000097 0.000097
32 1765367010 0.000089 2 0.000089 0.000089 0.000089
34 1765367010 0.000003 2 0.000003 0.000003 0.000003
16 1765367015 0.000079 3 0.000079 0.000079 0.000079
18 1765367015 1.155792 3 1.155792 1.155792 1.155792
20 1765367015 0.000003 3 0.000003 0.000003 0.000003
22 1765367015 0.000078 3 0.000078 0.000078 0.000078
24 1765367015 0.000003 3 0.000003 0.000003 0.000003
26 1765367015 0.000003 3 0.000003 0.000003 0.000003
28 1765367015 5.752731 3 5.752731 5.752731 5.752731
43 1765367015 10.448297 4 10.448297 10.448297 10.448297
45 1765367015 10.448491 4 10.448491 10.448491 10.448491
30 1765367015 0.000086 3 0.000086 0.000086 0.000086
32 1765367015 0.000076 3 0.000076 0.000076 0.000076
34 1765367015 0.000003 3 0.000003 0.000003 0.000003
16 1765367020 0.000081 4 0.000081 0.000081 0.000081
18 1765367020 1.333897 4 1.333897 1.333897 1.333897
20 1765367020 0.000003 4 0.000003 0.000003 0.000003
22 1765367020 0.000124 4 0.000124 0.000124 0.000124
24 1765367020 0.000003 4 0.000003 0.000003 0.000003
26 1765367020 0.000003 4 0.000003 0.000003 0.000003
28 1765367020 6.337808 4 6.337808 6.337808 6.337808
43 1765367020 10.384001 2 10.384001 10.384001 10.384001
45 1765367020 10.384222 2 10.384222 10.384222 10.384222
30 1765367020 0.000120 4 0.000120 0.000120 0.000120
32 1765367020 0.000086 4 0.000086 0.000086 0.000086
34 1765367020 0.000004 4 0.000004 0.000004 0.000004
16 1765367025 0.000077 2 0.000077 0.000077 0.000077
18 1765367025 1.356609 2 1.356609 1.356609 1.356609
20 1765367025 0.000003 2 0.000003 0.000003 0.000003
22 1765367025 0.000077 2 0.000077 0.000077 0.000077
24 1765367025 0.000003 2 0.000003 0.000003 0.000003
26 1765367025 0.000003 2 0.000003 0.000003 0.000003
28 1765367025 7.010717 2 7.010717 7.010717 7.010717
43 1765367025 10.421858 3 10.421858 10.421858 10.421858
45 1765367025 10.422071 3 10.422071 10.422071 10.422071
30 1765367025 0.000085 2 0.000085 0.000085 0.000085
32 1765367025 0.000076 2 0.000076 0.000076 0.000076
34 1765367025 0.000002 2 0.000002 0.000002 0.000002
16 1765367030 0.000072 2 0.000072 0.000072 0.000072
18 1765367030 1.318686 2 1.318686 1.318686 1.318686
20 1765367030 0.000002 2 0.000002 0.000002 0.000002
22 1765367030 0.000073 2 0.000073 0.000073 0.000073
24 1765367030 0.000003 2 0.000003 0.000003 0.000003
26 1765367030 0.000003 2 0.000003 0.000003 0.000003
28 1765367030 5.802882 2 5.802882 5.802882 5.802882
43 1765367030 10.945090 2 10.945090 10.945090 10.945090
45 1765367030 10.945277 2 10.945277 10.945277 10.945277
30 1765367030 0.000092 2 0.000092 0.000092 0.000092
32 1765367030 0.000071 2 0.000071 0.000071 0.000071
34 1765367030 0.000003 2 0.000003 0.000003 0.000003
16 1765367035 0.000159 1 0.000159 0.000159 0.000159
18 1765367035 1.118865 1 1.118865 1.118865 1.118865
20 1765367035 0.000005 1 0.000005 0.000005 0.000005
22 1765367035 0.000128 1 0.000128 0.000128 0.000128
24 1765367035 0.000005 1 0.000005 0.000005 0.000005
26 1765367035 0.000005 1 0.000005 0.000005 0.000005
28 1765367035 5.575203 1 5.575203 5.575203 5.575203
43 1765367035 10.416869 4 10.416869 10.416869 10.416869
45 1765367035 10.417045 4 10.417045 10.417045 10.417045
30 1765367035 0.000133 1 0.000133 0.000133 0.000133
32 1765367035 0.000119 1 0.000119 0.000119 0.000119
34 1765367035 0.000005 1 0.000005 0.000005 0.000005
16 1765367040 0.000077 2 0.000077 0.000077 0.000077
18 1765367040 1.169113 2 1.169113 1.169113 1.169113
20 1765367040 0.000003 2 0.000003 0.000003 0.000003
22 1765367040 0.000080 2 0.000080 0.000080 0.000080
24 1765367040 0.000004 2 0.000004 0.000004 0.000004
26 1765367040 0.000003 2 0.000003 0.000003 0.000003
28 1765367040 5.735587 2 5.735587 5.735587 5.735587
43 1765367040 10.424189 2 10.424189 10.424189 10.424189
45 1765367040 10.424370 2 10.424370 10.424370 10.424370
30 1765367040 0.000083 2 0.000083 0.000083 0.000083
32 1765367040 0.000084 2 0.000084 0.000084 0.000084
34 1765367040 0.000003 2 0.000003 0.000003 0.000003
16 1765367045 0.000092 3 0.000092 0.000092 0.000092
18 1765367045 2.474046 3 2.474046 2.474046 2.474046
20 1765367045 0.000003 3 0.000003 0.000003 0.000003
22 1765367045 0.000080 3 0.000080 0.000080 0.000080
24 1765367045 0.000003 3 0.000003 0.000003 0.000003
26 1765367045 0.000004 3 0.000004 0.000004 0.000004
28 1765367045 8.241565 3 8.241565 8.241565 8.241565
43 1765367045 10.448119 1 10.448119 10.448119 10.448119
45 1765367045 10.448471 1 10.448471 10.448471 10.448471
30 1765367045 0.000107 3 0.000107 0.000107 0.000107
32 1765367045 0.000096 3 0.000096 0.000096 0.000096
34 1765367045 0.000004 3 0.000004 0.000004 0.000004
16 1765367050 0.000073 2 0.000073 0.000073 0.000073
18 1765367050 1.297164 2 1.297164 1.297164 1.297164
20 1765367050 0.000002 2 0.000002 0.000002 0.000002
22 1765367050 0.000074 2 0.000074 0.000074 0.000074
24 1765367050 0.000002 2 0.000002 0.000002 0.000002
26 1765367050 0.000003 2 0.000003 0.000003 0.000003
28 1765367050 6.219243 2 6.219243 6.219243 6.219243
43 1765367050 10.676180 2 10.676180 10.676180 10.676180
45 1765367050 10.676392 2 10.676392 10.676392 10.676392
30 1765367050 0.000129 2 0.000129 0.000129 0.000129
32 1765367050 0.000074 2 0.000074 0.000074 0.000074
34 1765367050 0.000003 2 0.000003 0.000003 0.000003
16 1765367055 0.000072 1 0.000072 0.000072 0.000072
18 1765367055 1.143781 1 1.143781 1.143781 1.143781
20 1765367055 0.000003 1 0.000003 0.000003 0.000003
22 1765367055 0.000076 1 0.000076 0.000076 0.000076
24 1765367055 0.000003 1 0.000003 0.000003 0.000003
26 1765367055 0.000003 1 0.000003 0.000003 0.000003
28 1765367055 5.579140 1 5.579140 5.579140 5.579140
43 1765367055 10.414423 3 10.414423 10.414423 10.414423
45 1765367055 10.414625 3 10.414625 10.414625 10.414625
30 1765367055 0.000103 1 0.000103 0.000103 0.000103
32 1765367055 0.000076 1 0.000076 0.000076 0.000076
34 1765367055 0.000003 1 0.000003 0.000003 0.000003
16 1765367060 0.000069 1 0.000069 0.000069 0.000069
18 1765367060 1.317902 1 1.317902 1.317902 1.317902
20 1765367060 0.000002 1 0.000002 0.000002 0.000002
22 1765367060 0.000080 1 0.000080 0.000080 0.000080
24 1765367060 0.000002 1 0.000002 0.000002 0.000002
26 1765367060 0.000002 1 0.000002 0.000002 0.000002
28 1765367060 6.374185 1 6.374185 6.374185 6.374185
43 1765367060 10.387116 2 10.387116 10.387116 10.387116
45 1765367060 10.387312 2 10.387312 10.387312 10.387312
30 1765367060 0.000103 1 0.000103 0.000103 0.000103
32 1765367060 0.000070 1 0.000070 0.000070 0.000070
34 1765367060 0.000002 1 0.000002 0.000002 0.000002
16 1765367065 0.000097 3 0.000097 0.000097 0.000097
18 1765367065 1.499265 3 1.499265 1.499265 1.499265
20 1765367065 0.000003 3 0.000003 0.000003 0.000003
22 1765367065 0.000132 3 0.000132 0.000132 0.000132
24 1765367065 0.000003 3 0.000003 0.000003 0.000003
26 1765367065 0.000003 3 0.000003 0.000003 0.000003
28 1765367065 6.756915 3 6.756915 6.756915 6.756915
43 1765367065 10.383561 1 10.383561 10.383561 10.383561
45 1765367065 10.383743 1 10.383743 10.383743 10.383743
30 1765367065 0.000134 3 0.000134 0.000134 0.000134
32 1765367065 0.000084 3 0.000084 0.000084 0.000084
34 1765367065 0.000003 3 0.000003 0.000003 0.000003
16 1765367070 0.000090 1 0.000090 0.000090 0.000090
18 1765367070 1.724065 1 1.724065 1.724065 1.724065
20 1765367070 0.000003 1 0.000003 0.000003 0.000003
22 1765367070 0.000091 1 0.000091 0.000091 0.000091
24 1765367070 0.000003 1 0.000003 0.000003 0.000003
26 1765367070 0.000003 1 0.000003 0.000003 0.000003
28 1765367070 6.574439 1 6.574439 6.574439 6.574439
43 1765367070 10.407340 1 10.407340 10.407340 10.407340
45 1765367070 10.407536 1 10.407536 10.407536 10.407536
30 1765367070 0.000101 1 0.000101 0.000101 0.000101
32 1765367070 0.000122 1 0.000122 0.000122 0.000122
34 1765367070 0.000003 1 0.000003 0.000003 0.000003
43 1765367075 10.406896 3 10.406896 10.406896 10.406896
45 1765367075 10.407121 3 10.407121 10.407121 10.407121
16 1765367080 0.000074 2 0.000074 0.000074 0.000074
18 1765367080 1.217649 2 1.217649 1.217649 1.217649
20 1765367080 0.000003 2 0.000003 0.000003 0.000003
22 1765367080 0.000078 2 0.000078 0.000078 0.000078
24 1765367080 0.000003 2 0.000003 0.000003 0.000003
26 1765367080 0.000004 2 0.000004 0.000004 0.000004
28 1765367080 5.890570 2 5.890570 5.890570 5.890570
43 1765367080 10.367917 1 10.367917 10.367917 10.367917
45 1765367080 10.368139 1 10.368139 10.368139 10.368139
30 1765367080 0.000090 2 0.000090 0.000090 0.000090
32 1765367080 0.000075 2 0.000075 0.000075 0.000075
34 1765367080 0.000003 2 0.000003 0.000003 0.000003
16 1765367085 0.000077 1 0.000077 0.000077 0.000077
18 1765367085 1.185444 1 1.185444 1.185444 1.185444
20 1765367085 0.000003 1 0.000003 0.000003 0.000003
22 1765367085 0.000084 1 0.000084 0.000084 0.000084
24 1765367085 0.000002 1 0.000002 0.000002 0.000002
26 1765367085 0.000003 1 0.000003 0.000003 0.000003
28 1765367085 6.040375 1 6.040375 6.040375 6.040375
30 1765367085 0.000091 1 0.000091 0.000091 0.000091
32 1765367085 0.000082 1 0.000082 0.000082 0.000082
34 1765367085 0.000002 1 0.000002 0.000002 0.000002
16 1765367090 0.000071 3 0.000071 0.000071 0.000071
18 1765367090 8.763155 3 8.763155 8.763155 8.763155
20 1765367090 0.000003 3 0.000003 0.000003 0.000003
22 1765367090 0.000085 3 0.000085 0.000085 0.000085
24 1765367090 0.000002 3 0.000002 0.000002 0.000002
26 1765367090 0.000003 3 0.000003 0.000003 0.000003
28 1765367090 27.602898 3 27.602898 27.602898 27.602898
43 1765367090 10.381111 1 10.381111 10.381111 10.381111
45 1765367090 10.381305 1 10.381305 10.381305 10.381305
30 1765367090 0.000084 3 0.000084 0.000084 0.000084
32 1765367090 0.000075 3 0.000075 0.000075 0.000075
34 1765367090 0.000002 3 0.000002 0.000002 0.000002
16 1765367095 0.000076 1 0.000076 0.000076 0.000076
18 1765367095 1.124369 1 1.124369 1.124369 1.124369
20 1765367095 0.000002 1 0.000002 0.000002 0.000002
22 1765367095 0.000074 1 0.000074 0.000074 0.000074
24 1765367095 0.000003 1 0.000003 0.000003 0.000003
26 1765367095 0.000003 1 0.000003 0.000003 0.000003
28 1765367095 5.853422 1 5.853422 5.853422 5.853422
43 1765367095 10.410632 2 10.410632 10.410632 10.410632
45 1765367095 10.410900 2 10.410900 10.410900 10.410900
30 1765367095 0.000084 1 0.000084 0.000084 0.000084
32 1765367095 0.000091 1 0.000091 0.000091 0.000091
34 1765367095 0.000003 1 0.000003 0.000003 0.000003
16 1765367100 0.000076 2 0.000076 0.000076 0.000076
18 1765367100 1.167563 2 1.167563 1.167563 1.167563
20 1765367100 0.000003 2 0.000003 0.000003 0.000003
22 1765367100 0.000087 2 0.000087 0.000087 0.000087
24 1765367100 0.000003 2 0.000003 0.000003 0.000003
26 1765367100 0.000004 2 0.000004 0.000004 0.000004
28 1765367100 5.621929 2 5.621929 5.621929 5.621929
43 1765367100 10.401603 3 10.401603 10.401603 10.401603
45 1765367100 10.401798 3 10.401798 10.401798 10.401798
30 1765367100 0.000131 2 0.000131 0.000131 0.000131
32 1765367100 0.000090 2 0.000090 0.000090 0.000090
34 1765367100 0.000003 2 0.000003 0.000003 0.000003
16 1765367105 0.000071 3 0.000071 0.000071 0.000071
18 1765367105 1.462106 3 1.462106 1.462106 1.462106
20 1765367105 0.000003 3 0.000003 0.000003 0.000003
22 1765367105 0.000081 3 0.000081 0.000081 0.000081
24 1765367105 0.000003 3 0.000003 0.000003 0.000003
26 1765367105 0.000003 3 0.000003 0.000003 0.000003
28 1765367105 6.080456 3 6.080456 6.080456 6.080456
43 1765367105 10.461663 1 10.461663 10.461663 10.461663
45 1765367105 10.461846 1 10.461846 10.461846 10.461846
30 1765367105 0.000085 3 0.000085 0.000085 0.000085
32 1765367105 0.000072 3 0.000072 0.000072 0.000072
34 1765367105 0.000002 3 0.000002 0.000002 0.000002
43 1765367110 10.392948 2 10.392948 10.392948 10.392948
45 1765367110 10.393141 2 10.393141 10.393141 10.393141
16 1765367115 0.000090 2 0.000090 0.000090 0.000090
18 1765367115 1.272077 2 1.272077 1.272077 1.272077
20 1765367115 0.000003 2 0.000003 0.000003 0.000003
22 1765367115 0.000090 2 0.000090 0.000090 0.000090
24 1765367115 0.000002 2 0.000002 0.000002 0.000002
26 1765367115 0.000002 2 0.000002 0.000002 0.000002
28 1765367115 6.205052 2 6.205052 6.205052 6.205052
43 1765367115 10.389532 3 10.389532 10.389532 10.389532
45 1765367115 10.389704 3 10.389704 10.389704 10.389704
30 1765367115 0.000084 2 0.000084 0.000084 0.000084
32 1765367115 0.000152 2 0.000152 0.000152 0.000152
34 1765367115 0.000002 2 0.000002 0.000002 0.000002
16 1765367120 0.000072 1 0.000072 0.000072 0.000072
18 1765367120 1.222046 1 1.222046 1.222046 1.222046
20 1765367120 0.000002 1 0.000002 0.000002 0.000002
22 1765367120 0.000074 1 0.000074 0.000074 0.000074
24 1765367120 0.000002 1 0.000002 0.000002 0.000002
26 1765367120 0.000003 1 0.000003 0.000003 0.000003
28 1765367120 5.871944 1 5.871944 5.871944 5.871944
30 1765367120 0.000084 1 0.000084 0.000084 0.000084
32 1765367120 0.000078 1 0.000078 0.000078 0.000078
34 1765367120 0.000003 1 0.000003 0.000003 0.000003
16 1765367125 0.000079 2 0.000079 0.000079 0.000079
18 1765367125 1.348694 2 1.348694 1.348694 1.348694
20 1765367125 0.000003 2 0.000003 0.000003 0.000003
22 1765367125 0.000072 2 0.000072 0.000072 0.000072
24 1765367125 0.000002 2 0.000002 0.000002 0.000002
26 1765367125 0.000003 2 0.000003 0.000003 0.000003
28 1765367125 7.437497 2 7.437497 7.437497 7.437497
43 1765367125 10.386497 2 10.386497 10.386497 10.386497
45 1765367125 10.386688 2 10.386688 10.386688 10.386688
30 1765367125 0.000092 2 0.000092 0.000092 0.000092
32 1765367125 0.000076 2 0.000076 0.000076 0.000076
34 1765367125 0.000003 2 0.000003 0.000003 0.000003
16 1765367130 0.000088 1 0.000088 0.000088 0.000088
18 1765367130 1.408547 1 1.408547 1.408547 1.408547
20 1765367130 0.000003 1 0.000003 0.000003 0.000003
22 1765367130 0.000089 1 0.000089 0.000089 0.000089
24 1765367130 0.000004 1 0.000004 0.000004 0.000004
26 1765367130 0.000003 1 0.000003 0.000003 0.000003
28 1765367130 6.298014 1 6.298014 6.298014 6.298014
43 1765367130 10.412787 1 10.412787 10.412787 10.412787
45 1765367130 10.412951 1 10.412951 10.412951 10.412951
30 1765367130 0.000100 1 0.000100 0.000100 0.000100
32 1765367130 0.000102 1 0.000102 0.000102 0.000102
34 1765367130 0.000003 1 0.000003 0.000003 0.000003
16 1765367135 0.000231 1 0.000231 0.000231 0.000231
18 1765367135 1.223752 1 1.223752 1.223752 1.223752
20 1765367135 0.000002 1 0.000002 0.000002 0.000002
22 1765367135 0.000077 1 0.000077 0.000077 0.000077
24 1765367135 0.000002 1 0.000002 0.000002 0.000002
26 1765367135 0.000003 1 0.000003 0.000003 0.000003
28 1765367135 5.957891 1 5.957891 5.957891 5.957891
43 1765367135 10.472489 2 10.472489 10.472489 10.472489
45 1765367135 10.472644 2 10.472644 10.472644 10.472644
30 1765367135 0.000094 1 0.000094 0.000094 0.000094
32 1765367135 0.000212 1 0.000212 0.000212 0.000212
34 1765367135 0.000004 1 0.000004 0.000004 0.000004
16 1765367140 0.000075 3 0.000075 0.000075 0.000075
18 1765367140 1.263563 3 1.263563 1.263563 1.263563
20 1765367140 0.000003 3 0.000003 0.000003 0.000003
22 1765367140 0.000077 3 0.000077 0.000077 0.000077
24 1765367140 0.000002 3 0.000002 0.000002 0.000002
26 1765367140 0.000003 3 0.000003 0.000003 0.000003
28 1765367140 6.285032 3 6.285032 6.285032 6.285032
43 1765367140 10.425864 1 10.425864 10.425864 10.425864
45 1765367140 10.426041 1 10.426041 10.426041 10.426041
30 1765367140 0.000090 3 0.000090 0.000090 0.000090
32 1765367140 0.000073 3 0.000073 0.000073 0.000073
34 1765367140 0.000003 3 0.000003 0.000003 0.000003
16 1765367145 0.000071 1 0.000071 0.000071 0.000071
18 1765367145 1.680948 1 1.680948 1.680948 1.680948
20 1765367145 0.000002 1 0.000002 0.000002 0.000002
22 1765367145 0.000072 1 0.000072 0.000072 0.000072
24 1765367145 0.000002 1 0.000002 0.000002 0.000002
26 1765367145 0.000003 1 0.000003 0.000003 0.000003
28 1765367145 6.515235 1 6.515235 6.515235 6.515235
43 1765367145 10.414859 1 10.414859 10.414859 10.414859
45 1765367145 10.415121 1 10.415121 10.415121 10.415121
30 1765367145 0.000080 1 0.000080 0.000080 0.000080
32 1765367145 0.000071 1 0.000071 0.000071 0.000071
34 1765367145 0.000003 1 0.000003 0.000003 0.000003
16 1765367150 0.000071 1 0.000071 0.000071 0.000071
18 1765367150 1.110448 1 1.110448 1.110448 1.110448
20 1765367150 0.000003 1 0.000003 0.000003 0.000003
22 1765367150 0.000073 1 0.000073 0.000073 0.000073
24 1765367150 0.000003 1 0.000003 0.000003 0.000003
26 1765367150 0.000003 1 0.000003 0.000003 0.000003
28 1765367150 5.997669 1 5.997669 5.997669 5.997669
43 1765367150 10.383635 3 10.383635 10.383635 10.383635
45 1765367150 10.383820 3 10.383820 10.383820 10.383820
30 1765367150 0.000082 1 0.000082 0.000082 0.000082
32 1765367150 0.000072 1 0.000072 0.000072 0.000072
34 1765367150 0.000002 1 0.000002 0.000002 0.000002
16 1765367155 0.000111 4 0.000111 0.000111 0.000111
18 1765367155 1.252908 4 1.252908 1.252908 1.252908
20 1765367155 0.000004 4 0.000004 0.000004 0.000004
22 1765367155 0.000110 4 0.000110 0.000110 0.000110
24 1765367155 0.000004 4 0.000004 0.000004 0.000004
26 1765367155 0.000004 4 0.000004 0.000004 0.000004
28 1765367155 5.945940 4 5.945940 5.945940 5.945940
43 1765367155 10.381891 1 10.381891 10.381891 10.381891
45 1765367155 10.382112 1 10.382112 10.382112 10.382112
30 1765367155 0.000119 4 0.000119 0.000119 0.000119
32 1765367155 0.000109 4 0.000109 0.000109 0.000109
34 1765367155 0.000004 4 0.000004 0.000004 0.000004
16 1765367160 0.000072 1 0.000072 0.000072 0.000072
18 1765367160 1.250838 1 1.250838 1.250838 1.250838
20 1765367160 0.000004 1 0.000004 0.000004 0.000004
22 1765367160 0.000136 1 0.000136 0.000136 0.000136
24 1765367160 0.000003 1 0.000003 0.000003 0.000003
26 1765367160 0.000003 1 0.000003 0.000003 0.000003
28 1765367160 5.906660 1 5.906660 5.906660 5.906660
43 1765367160 10.374127 1 10.374127 10.374127 10.374127
45 1765367160 10.374308 1 10.374308 10.374308 10.374308
30 1765367160 0.000092 1 0.000092 0.000092 0.000092
32 1765367160 0.000086 1 0.000086 0.000086 0.000086
34 1765367160 0.000003 1 0.000003 0.000003 0.000003
16 1765367165 0.000075 2 0.000075 0.000075 0.000075
18 1765367165 18.679580 2 18.679580 18.679580 18.679580
20 1765367165 0.000003 2 0.000003 0.000003 0.000003
22 1765367165 0.000077 2 0.000077 0.000077 0.000077
24 1765367165 0.000003 2 0.000003 0.000003 0.000003
26 1765367165 0.000003 2 0.000003 0.000003 0.000003
28 1765367165 34.229521 2 34.229521 34.229521 34.229521
43 1765367165 10.444730 4 10.444730 10.444730 10.444730
45 1765367165 10.444943 4 10.444943 10.444943 10.444943
30 1765367165 0.000086 2 0.000086 0.000086 0.000086
32 1765367165 0.000072 2 0.000072 0.000072 0.000072
34 1765367165 0.000003 2 0.000003 0.000003 0.000003
16 1765367170 0.000064 2 0.000064 0.000064 0.000064
18 1765367170 21.337394 2 21.337394 21.337394 21.337394
20 1765367170 0.000002 2 0.000002 0.000002 0.000002
22 1765367170 0.000068 2 0.000068 0.000068 0.000068
24 1765367170 0.000003 2 0.000003 0.000003 0.000003
26 1765367170 0.000003 2 0.000003 0.000003 0.000003
28 1765367170 68.915193 2 68.915193 68.915193 68.915193
43 1765367170 10.596944 1 10.596944 10.596944 10.596944
45 1765367170 10.597233 1 10.597233 10.597233 10.597233
30 1765367170 0.000080 2 0.000080 0.000080 0.000080
32 1765367170 0.000065 2 0.000065 0.000065 0.000065
34 1765367170 0.000003 2 0.000003 0.000003 0.000003
16 1765367175 0.000084 4 0.000084 0.000084 0.000084
18 1765367175 14.605164 4 14.605164 14.605164 14.605164
20 1765367175 0.000003 4 0.000003 0.000003 0.000003
22 1765367175 0.000083 4 0.000083 0.000083 0.000083
24 1765367175 0.000003 4 0.000003 0.000003 0.000003
26 1765367175 0.000003 4 0.000003 0.000003 0.000003
28 1765367175 46.059667 4 46.059667 46.059667 46.059667
43 1765367175 10.401082 2 10.401082 10.401082 10.401082
45 1765367175 10.401302 2 10.401302 10.401302 10.401302
30 1765367175 0.000094 4 0.000094 0.000094 0.000094
32 1765367175 0.000077 4 0.000077 0.000077 0.000077
34 1765367175 0.000003 4 0.000003 0.000003 0.000003
16 1765367180 0.000073 1 0.000073 0.000073 0.000073
18 1765367180 1.204843 1 1.204843 1.204843 1.204843
20 1765367180 0.000004 1 0.000004 0.000004 0.000004
22 1765367180 0.000101 1 0.000101 0.000101 0.000101
24 1765367180 0.000003 1 0.000003 0.000003 0.000003
26 1765367180 0.000010 1 0.000010 0.000010 0.000010
28 1765367180 6.204584 1 6.204584 6.204584 6.204584
43 1765367180 10.450063 2 10.450063 10.450063 10.450063
45 1765367180 10.450253 2 10.450253 10.450253 10.450253
30 1765367180 0.000169 1 0.000169 0.000169 0.000169
32 1765367180 0.000079 1 0.000079 0.000079 0.000079
34 1765367180 0.000002 1 0.000002 0.000002 0.000002
16 1765367185 0.000081 3 0.000081 0.000081 0.000081
18 1765367185 1.257833 3 1.257833 1.257833 1.257833
20 1765367185 0.000003 3 0.000003 0.000003 0.000003
22 1765367185 0.000104 3 0.000104 0.000104 0.000104
24 1765367185 0.000004 3 0.000004 0.000004 0.000004
26 1765367185 0.000004 3 0.000004 0.000004 0.000004
28 1765367185 11.059466 3 11.059466 11.059466 11.059466
43 1765367185 10.453951 3 10.453951 10.453951 10.453951
45 1765367185 10.454166 3 10.454166 10.454166 10.454166
30 1765367185 0.000111 3 0.000111 0.000111 0.000111
32 1765367185 0.000098 3 0.000098 0.000098 0.000098
34 1765367185 0.000003 3 0.000003 0.000003 0.000003
16 1765367190 0.000092 1 0.000092 0.000092 0.000092
18 1765367190 1.277648 1 1.277648 1.277648 1.277648
20 1765367190 0.000003 1 0.000003 0.000003 0.000003
22 1765367190 0.000073 1 0.000073 0.000073 0.000073
24 1765367190 0.000003 1 0.000003 0.000003 0.000003
26 1765367190 0.000003 1 0.000003 0.000003 0.000003
28 1765367190 6.585967 1 6.585967 6.585967 6.585967
43 1765367190 10.375676 2 10.375676 10.375676 10.375676
45 1765367190 10.375854 2 10.375854 10.375854 10.375854
30 1765367190 0.000080 1 0.000080 0.000080 0.000080
32 1765367190 0.000093 1 0.000093 0.000093 0.000093
34 1765367190 0.000003 1 0.000003 0.000003 0.000003
16 1765367195 0.000071 2 0.000071 0.000071 0.000071
18 1765367195 1.278265 2 1.278265 1.278265 1.278265
20 1765367195 0.000003 2 0.000003 0.000003 0.000003
22 1765367195 0.000081 2 0.000081 0.000081 0.000081
24 1765367195 0.000002 2 0.000002 0.000002 0.000002
26 1765367195 0.000003 2 0.000003 0.000003 0.000003
28 1765367195 6.535788 2 6.535788 6.535788 6.535788
43 1765367195 10.576703 2 10.576703 10.576703 10.576703
45 1765367195 10.576922 2 10.576922 10.576922 10.576922
30 1765367195 0.000099 2 0.000099 0.000099 0.000099
32 1765367195 0.000073 2 0.000073 0.000073 0.000073
34 1765367195 0.000003 2 0.000003 0.000003 0.000003
16 1765367200 0.000070 2 0.000070 0.000070 0.000070
18 1765367200 1.254398 2 1.254398 1.254398 1.254398
20 1765367200 0.000003 2 0.000003 0.000003 0.000003
22 1765367200 0.000079 2 0.000079 0.000079 0.000079
24 1765367200 0.000003 2 0.000003 0.000003 0.000003
26 1765367200 0.000003 2 0.000003 0.000003 0.000003
28 1765367200 5.662016 2 5.662016 5.662016 5.662016
43 1765367200 10.399791 2 10.399791 10.399791 10.399791
45 1765367200 10.399963 2 10.399963 10.399963 10.399963
30 1765367200 0.000081 2 0.000081 0.000081 0.000081
32 1765367200 0.000080 2 0.000080 0.000080 0.000080
34 1765367200 0.000003 2 0.000003 0.000003 0.000003
43 1765367205 10.394645 2 10.394645 10.394645 10.394645
45 1765367205 10.394880 2 10.394880 10.394880 10.394880
16 1765367210 0.000077 2 0.000077 0.000077 0.000077
53 1765367210 0.000012 1 0.000012 0.000012 0.000012
18 1765367210 1.633680 2 1.633680 1.633680 1.633680
20 1765367210 0.000003 2 0.000003 0.000003 0.000003
22 1765367210 0.000074 2 0.000074 0.000074 0.000074
24 1765367210 0.000003 2 0.000003 0.000003 0.000003
26 1765367210 0.000003 2 0.000003 0.000003 0.000003
28 1765367210 6.167621 2 6.167621 6.167621 6.167621
43 1765367210 10.378086 2 10.378086 10.378086 10.378086
45 1765367210 10.378270 2 10.378270 10.378270 10.378270
30 1765367210 0.000083 2 0.000083 0.000083 0.000083
32 1765367210 0.000072 2 0.000072 0.000072 0.000072
34 1765367210 0.000003 2 0.000003 0.000003 0.000003
16 1765367215 0.000076 2 0.000076 0.000076 0.000076
18 1765367215 3.970501 2 3.970501 3.970501 3.970501
20 1765367215 0.000003 2 0.000003 0.000003 0.000003
22 1765367215 0.000096 2 0.000096 0.000096 0.000096
24 1765367215 0.000003 2 0.000003 0.000003 0.000003
26 1765367215 0.000003 2 0.000003 0.000003 0.000003
28 1765367215 11.470984 2 11.470984 11.470984 11.470984
30 1765367215 0.000085 2 0.000085 0.000085 0.000085
32 1765367215 0.000076 2 0.000076 0.000076 0.000076
34 1765367215 0.000002 2 0.000002 0.000002 0.000002
53 1765367220 0.000012 2 0.000012 0.000012 0.000012
43 1765367220 10.402786 2 10.402786 10.402786 10.402786
45 1765367220 10.402986 2 10.402986 10.402986 10.402986
16 1765367225 0.000078 1 0.000078 0.000078 0.000078
53 1765367225 0.000013 2 0.000013 0.000013 0.000013
18 1765367225 23.849560 1 23.849560 23.849560 23.849560
20 1765367225 0.000003 1 0.000003 0.000003 0.000003
22 1765367225 0.000075 1 0.000075 0.000075 0.000075
24 1765367225 0.000003 1 0.000003 0.000003 0.000003
26 1765367225 0.000004 1 0.000004 0.000004 0.000004
28 1765367225 44.851276 1 44.851276 44.851276 44.851276
43 1765367225 10.376173 2 10.376173 10.376173 10.376173
45 1765367225 10.376374 2 10.376374 10.376374 10.376374
30 1765367225 0.000084 1 0.000084 0.000084 0.000084
32 1765367225 0.000082 1 0.000082 0.000082 0.000082
34 1765367225 0.000003 1 0.000003 0.000003 0.000003
53 1765367235 0.000022 1 0.000022 0.000022 0.000022
43 1765367235 10.553987 1 10.553987 10.553987 10.553987
45 1765367235 10.554316 1 10.554316 10.554316 10.554316
16 1765367240 0.000071 1 0.000071 0.000071 0.000071
18 1765367240 32.021615 1 32.021615 32.021615 32.021615
20 1765367240 0.000003 1 0.000003 0.000003 0.000003
22 1765367240 0.000078 1 0.000078 0.000078 0.000078
24 1765367240 0.000003 1 0.000003 0.000003 0.000003
26 1765367240 0.000008 1 0.000008 0.000008 0.000008
28 1765367240 38.510870 1 38.510870 38.510870 38.510870
30 1765367240 0.000089 1 0.000089 0.000089 0.000089
32 1765367240 0.000075 1 0.000075 0.000075 0.000075
34 1765367240 0.000003 1 0.000003 0.000003 0.000003
53 1765367250 0.000012 1 0.000012 0.000012 0.000012
43 1765367250 10.453187 1 10.453187 10.453187 10.453187
45 1765367250 10.453406 1 10.453406 10.453406 10.453406
53 1765367285 0.000017 2 0.000017 0.000017 0.000017
53 1765367305 0.000014 1 0.000014 0.000014 0.000014
53 1765367315 0.000024 1 0.000024 0.000024 0.000024
