11 1765364761 0.000502 10 0.000502 0.000502 0.000502
16 1765364766 0.000116 7 0.000116 0.000116 0.000116
18 1765364766 1.426887 7 1.426887 1.426887 1.426887
20 1765364766 0.000004 7 0.000004 0.000004 0.000004
22 1765364766 0.000112 7 0.000112 0.000112 0.000112
24 1765364766 0.000003 7 0.000003 0.000003 0.000003
26 1765364766 0.000003 7 0.000003 0.000003 0.000003
28 1765364766 6.543163 7 6.543163 6.543163 6.543163
30 1765364766 0.000117 7 0.000117 0.000117 0.000117
32 1765364766 0.000097 7 0.000097 0.000097 0.000097
34 1765364766 0.000003 7 0.000003 0.000003 0.000003
43 1765364776 10.723925 7 10.723925 10.723925 10.723925
45 1765364776 10.724125 7 10.724125 10.724125 10.724125
16 1765364781 0.000135 7 0.000135 0.000135 0.000135
18 1765364781 1.281733 7 1.281733 1.281733 1.281733
20 1765364781 0.000004 7 0.000004 0.000004 0.000004
22 1765364781 0.000102 7 0.000102 0.000102 0.000102
24 1765364781 0.000003 7 0.000003 0.000003 0.000003
26 1765364781 0.000005 7 0.000005 0.000005 0.000005
28 1765364781 5.917914 7 5.917914 5.917914 5.917914
30 1765364781 0.000129 7 0.000129 0.000129 0.000129
32 1765364781 0.000109 7 0.000109 0.000109 0.000109
34 1765364781 0.000004 7 0.000004 0.000004 0.000004
43 1765364791 10.512914 3 10.512914 10.512914 10.512914
45 1765364791 10.513132 3 10.513132 10.513132 10.513132
16 1765364796 0.000091 2 0.000091 0.000091 0.000091
18 1765364796 8.545960 2 8.545960 8.545960 8.545960
20 1765364796 0.000004 2 0.000004 0.000004 0.000004
22 1765364796 0.000118 2 0.000118 0.000118 0.000118
24 1765364796 0.000004 2 0.000004 0.000004 0.000004
26 1765364796 0.000004 2 0.000004 0.000004 0.000004
28 1765364796 20.841700 2 20.841700 20.841700 20.841700
43 1765364796 10.858254 4 10.858254 10.858254 10.858254
45 1765364796 10.858461 4 10.858461 10.858461 10.858461
30 1765364796 0.000111 2 0.000111 0.000111 0.000111
32 1765364796 0.000100 2 0.000100 0.000100 0.000100
34 1765364796 0.000003 2 0.000003 0.000003 0.000003
16 1765364801 0.000100 6 0.000100 0.000100 0.000100
18 1765364801 6.942371 6 6.942371 6.942371 6.942371
20 1765364801 0.000003 6 0.000003 0.000003 0.000003
22 1765364801 0.000101 6 0.000101 0.000101 0.000101
24 1765364801 0.000003 6 0.000003 0.000003 0.000003
26 1765364801 0.000003 6 0.000003 0.000003 0.000003
28 1765364801 11.711166 6 11.711166 11.711166 11.711166
30 1765364801 0.000106 6 0.000106 0.000106 0.000106
32 1765364801 0.000097 6 0.000097 0.000097 0.000097
34 1765364801 0.000003 6 0.000003 0.000003 0.000003
43 1765364806 10.409368 2 10.409368 10.409368 10.409368
45 1765364806 10.409621 2 10.409621 10.409621 10.409621
43 1765364811 10.497470 6 10.497470 10.497470 10.497470
45 1765364811 10.497671 6 10.497671 10.497671 10.497671
16 1765364816 0.000085 8 0.000085 0.000085 0.000085
18 1765364816 3.578231 8 3.578231 3.578231 3.578231
20 1765364816 0.000003 8 0.000003 0.000003 0.000003
22 1765364816 0.000097 8 0.000097 0.000097 0.000097
24 1765364816 0.000003 8 0.000003 0.000003 0.000003
26 1765364816 0.000004 8 0.000004 0.000004 0.000004
28 1765364816 8.836063 8 8.836063 8.836063 8.836063
30 1765364816 0.000109 8 0.000109 0.000109 0.000109
32 1765364816 0.000092 8 0.000092 0.000092 0.000092
34 1765364816 0.000003 8 0.000003 0.000003 0.000003
16 1765364821 0.000070 1 0.000070 0.000070 0.000070
18 1765364821 3.518782 1 3.518782 3.518782 3.518782
20 1765364821 0.000003 1 0.000003 0.000003 0.000003
22 1765364821 0.000141 1 0.000141 0.000141 0.000141
24 1765364821 0.000003 1 0.000003 0.000003 0.000003
26 1765364821 0.000002 1 0.000002 0.000002 0.000002
28 1765364821 8.174270 1 8.174270 8.174270 8.174270
30 1765364821 0.000081 1 0.000081 0.000081 0.000081
32 1765364821 0.000076 1 0.000076 0.000076 0.000076
34 1765364821 0.000003 1 0.000003 0.000003 0.000003
43 1765364826 10.794415 6 10.794415 10.794415 10.794415
45 1765364826 10.794624 6 10.794624 10.794624 10.794624
16 1765364831 0.000077 2 0.000077 0.000077 0.000077
18 1765364831 1.651275 2 1.651275 1.651275 1.651275
20 1765364831 0.000003 2 0.000003 0.000003 0.000003
22 1765364831 0.000077 2 0.000077 0.000077 0.000077
24 1765364831 0.000003 2 0.000003 0.000003 0.000003
26 1765364831 0.000003 2 0.000003 0.000003 0.000003
28 1765364831 6.411676 2 6.411676 6.411676 6.411676
43 1765364831 11.360745 3 11.360745 11.360745 11.360745
45 1765364831 11.360951 3 11.360951 11.360951 11.360951
30 1765364831 0.000080 2 0.000080 0.000080 0.000080
32 1765364831 0.000082 2 0.000082 0.000082 0.000082
34 1765364831 0.000002 2 0.000002 0.000002 0.000002
16 1765364836 0.000098 4 0.000098 0.000098 0.000098
18 1765364836 1.486413 4 1.486413 1.486413 1.486413
20 1765364836 0.000003 4 0.000003 0.000003 0.000003
22 1765364836 0.000077 4 0.000077 0.000077 0.000077
24 1765364836 0.000004 4 0.000004 0.000004 0.000004
26 1765364836 0.000003 4 0.000003 0.000003 0.000003
28 1765364836 6.627250 4 6.627250 6.627250 6.627250
30 1765364836 0.000142 4 0.000142 0.000142 0.000142
32 1765364836 0.000096 4 0.000096 0.000096 0.000096
34 1765364836 0.000002 4 0.000002 0.000002 0.000002
16 1765364841 0.000076 1 0.000076 0.000076 0.000076
18 1765364841 11.511762 1 11.511762 11.511762 11.511762
20 1765364841 0.000002 1 0.000002 0.000002 0.000002
22 1765364841 0.000075 1 0.000075 0.000075 0.000075
24 1765364841 0.000003 1 0.000003 0.000003 0.000003
26 1765364841 0.000003 1 0.000003 0.000003 0.000003
28 1765364841 16.611732 1 16.611732 16.611732 16.611732
30 1765364841 0.000080 1 0.000080 0.000080 0.000080
32 1765364841 0.000076 1 0.000076 0.000076 0.000076
34 1765364841 0.000002 1 0.000002 0.000002 0.000002
43 1765364846 11.443829 5 11.443829 11.443829 11.443829
45 1765364846 11.444033 5 11.444033 11.444033 11.444033
16 1765364851 0.000106 2 0.000106 0.000106 0.000106
18 1765364851 1.632959 2 1.632959 1.632959 1.632959
20 1765364851 0.000003 2 0.000003 0.000003 0.000003
22 1765364851 0.000106 2 0.000106 0.000106 0.000106
24 1765364851 0.000003 2 0.000003 0.000003 0.000003
26 1765364851 0.000003 2 0.000003 0.000003 0.000003
28 1765364851 6.478484 2 6.478484 6.478484 6.478484
43 1765364851 10.991705 2 10.991705 10.991705 10.991705
45 1765364851 10.992365 2 10.992365 10.992365 10.992365
30 1765364851 0.000115 2 0.000115 0.000115 0.000115
32 1765364851 0.000088 2 0.000088 0.000088 0.000088
34 1765364851 0.000004 2 0.000004 0.000004 0.000004
16 1765364856 0.000075 2 0.000075 0.000075 0.000075
18 1765364856 2.305937 2 2.305937 2.305937 2.305937
20 1765364856 0.000002 2 0.000002 0.000002 0.000002
22 1765364856 0.000080 2 0.000080 0.000080 0.000080
24 1765364856 0.000003 2 0.000003 0.000003 0.000003
26 1765364856 0.000003 2 0.000003 0.000003 0.000003
28 1765364856 7.338152 2 7.338152 7.338152 7.338152
30 1765364856 0.000088 2 0.000088 0.000088 0.000088
32 1765364856 0.000083 2 0.000083 0.000083 0.000083
34 1765364856 0.000003 2 0.000003 0.000003 0.000003
43 1765364861 11.033050 1 11.033050 11.033050 11.033050
45 1765364861 11.033312 1 11.033312 11.033312 11.033312
16 1765364866 0.000094 2 0.000094 0.000094 0.000094
18 1765364866 9.998265 2 9.998265 9.998265 9.998265
20 1765364866 0.000003 2 0.000003 0.000003 0.000003
22 1765364866 0.000099 2 0.000099 0.000099 0.000099
24 1765364866 0.000003 2 0.000003 0.000003 0.000003
26 1765364866 0.000002 2 0.000002 0.000002 0.000002
28 1765364866 18.452986 2 18.452986 18.452986 18.452986
43 1765364866 10.481638 3 10.481638 10.481638 10.481638
45 1765364866 10.481869 3 10.481869 10.481869 10.481869
30 1765364866 0.000091 2 0.000091 0.000091 0.000091
32 1765364866 0.000109 2 0.000109 0.000109 0.000109
34 1765364866 0.000002 2 0.000002 0.000002 0.000002
16 1765364871 0.002514 4 0.002514 0.002514 0.002514
18 1765364871 1.985491 4 1.985491 1.985491 1.985491
20 1765364871 0.000017 4 0.000017 0.000017 0.000017
22 1765364871 0.000299 4 0.000299 0.000299 0.000299
24 1765364871 0.000007 4 0.000007 0.000007 0.000007
26 1765364871 0.000012 4 0.000012 0.000012 0.000012
28 1765364871 7.361467 4 7.361467 7.361467 7.361467
30 1765364871 0.000194 4 0.000194 0.000194 0.000194
32 1765364871 0.000374 4 0.000374 0.000374 0.000374
34 1765364871 0.000005 4 0.000005 0.000005 0.000005
43 1765364876 11.335497 1 11.335497 11.335497 11.335497
45 1765364876 11.335762 1 11.335762 11.335762 11.335762
16 1765364881 0.000080 1 0.000080 0.000080 0.000080
18 1765364881 22.343288 1 22.343288 22.343288 22.343288
20 1765364881 0.000003 1 0.000003 0.000003 0.000003
22 1765364881 0.000073 1 0.000073 0.000073 0.000073
24 1765364881 0.000004 1 0.000004 0.000004 0.000004
26 1765364881 0.000002 1 0.000002 0.000002 0.000002
28 1765364881 30.374712 1 30.374712 30.374712 30.374712
43 1765364881 11.260619 3 11.260619 11.260619 11.260619
45 1765364881 11.260808 3 11.260808 11.260808 11.260808
30 1765364881 0.000086 1 0.000086 0.000086 0.000086
32 1765364881 0.000094 1 0.000094 0.000094 0.000094
34 1765364881 0.000003 1 0.000003 0.000003 0.000003
16 1765364886 0.000088 3 0.000088 0.000088 0.000088
18 1765364886 1.553542 3 1.553542 1.553542 1.553542
20 1765364886 0.000003 3 0.000003 0.000003 0.000003
22 1765364886 0.000094 3 0.000094 0.000094 0.000094
24 1765364886 0.000003 3 0.000003 0.000003 0.000003
26 1765364886 0.000003 3 0.000003 0.000003 0.000003
28 1765364886 6.432359 3 6.432359 6.432359 6.432359
43 1765364886 11.456010 2 11.456010 11.456010 11.456010
45 1765364886 11.456239 2 11.456239 11.456239 11.456239
30 1765364886 0.000092 3 0.000092 0.000092 0.000092
32 1765364886 0.000076 3 0.000076 0.000076 0.000076
34 1765364886 0.000003 3 0.000003 0.000003 0.000003
16 1765364891 0.000102 3 0.000102 0.000102 0.000102
18 1765364891 1.212701 3 1.212701 1.212701 1.212701
20 1765364891 0.000003 3 0.000003 0.000003 0.000003
22 1765364891 0.000098 3 0.000098 0.000098 0.000098
24 1765364891 0.000004 3 0.000004 0.000004 0.000004
26 1765364891 0.000003 3 0.000003 0.000003 0.000003
28 1765364891 6.454875 3 6.454875 6.454875 6.454875
43 1765364891 10.866354 1 10.866354 10.866354 10.866354
45 1765364891 10.866544 1 10.866544 10.866544 10.866544
30 1765364891 0.000101 3 0.000101 0.000101 0.000101
32 1765364891 0.000098 3 0.000098 0.000098 0.000098
34 1765364891 0.000003 3 0.000003 0.000003 0.000003
16 1765364896 0.000071 1 0.000071 0.000071 0.000071
18 1765364896 1.741820 1 1.741820 1.741820 1.741820
20 1765364896 0.000003 1 0.000003 0.000003 0.000003
22 1765364896 0.000073 1 0.000073 0.000073 0.000073
24 1765364896 0.000002 1 0.000002 0.000002 0.000002
26 1765364896 0.000003 1 0.000003 0.000003 0.000003
28 1765364896 6.758385 1 6.758385 6.758385 6.758385
43 1765364896 11.136860 3 11.136860 11.136860 11.136860
45 1765364896 11.137079 3 11.137079 11.137079 11.137079
30 1765364896 0.000084 1 0.000084 0.000084 0.000084
32 1765364896 0.000071 1 0.000071 0.000071 0.000071
34 1765364896 0.000002 1 0.000002 0.000002 0.000002
16 1765364901 0.000266 1 0.000266 0.000266 0.000266
18 1765364901 1.524066 1 1.524066 1.524066 1.524066
20 1765364901 0.000006 1 0.000006 0.000006 0.000006
22 1765364901 0.000170 1 0.000170 0.000170 0.000170
24 1765364901 0.000003 1 0.000003 0.000003 0.000003
26 1765364901 0.000005 1 0.000005 0.000005 0.000005
28 1765364901 6.010271 1 6.010271 6.010271 6.010271
43 1765364901 10.682036 3 10.682036 10.682036 10.682036
45 1765364901 10.682272 3 10.682272 10.682272 10.682272
30 1765364901 0.000202 1 0.000202 0.000202 0.000202
32 1765364901 0.000334 1 0.000334 0.000334 0.000334
34 1765364901 0.000007 1 0.000007 0.000007 0.000007
16 1765364906 0.000081 4 0.000081 0.000081 0.000081
18 1765364906 1.226258 4 1.226258 1.226258 1.226258
20 1765364906 0.000003 4 0.000003 0.000003 0.000003
22 1765364906 0.000084 4 0.000084 0.000084 0.000084
24 1765364906 0.000003 4 0.000003 0.000003 0.000003
26 1765364906 0.000003 4 0.000003 0.000003 0.000003
28 1765364906 6.518319 4 6.518319 6.518319 6.518319
43 1765364906 10.427268 1 10.427268 10.427268 10.427268
45 1765364906 10.427512 1 10.427512 10.427512 10.427512
30 1765364906 0.000109 4 0.000109 0.000109 0.000109
32 1765364906 0.000079 4 0.000079 0.000079 0.000079
34 1765364906 0.000003 4 0.000003 0.000003 0.000003
16 1765364911 0.000069 1 0.000069 0.000069 0.000069
18 1765364911 1.109362 1 1.109362 1.109362 1.109362
20 1765364911 0.000003 1 0.000003 0.000003 0.000003
22 1765364911 0.000082 1 0.000082 0.000082 0.000082
24 1765364911 0.000003 1 0.000003 0.000003 0.000003
26 1765364911 0.000002 1 0.000002 0.000002 0.000002
28 1765364911 5.859812 1 5.859812 5.859812 5.859812
43 1765364911 10.561284 1 10.561284 10.561284 10.561284
45 1765364911 10.561594 1 10.561594 10.561594 10.561594
30 1765364911 0.000080 1 0.000080 0.000080 0.000080
32 1765364911 0.000071 1 0.000071 0.000071 0.000071
34 1765364911 0.000003 1 0.000003 0.000003 0.000003
43 1765364916 10.644692 4 10.644692 10.644692 10.644692
45 1765364916 10.644915 4 10.644915 10.644915 10.644915
16 1765364921 0.000096 4 0.000096 0.000096 0.000096
18 1765364921 1.566539 4 1.566539 1.566539 1.566539
20 1765364921 0.000004 4 0.000004 0.000004 0.000004
22 1765364921 0.000104 4 0.000104 0.000104 0.000104
24 1765364921 0.000003 4 0.000003 0.000003 0.000003
26 1765364921 0.000003 4 0.000003 0.000003 0.000003
28 1765364921 6.648789 4 6.648789 6.648789 6.648789
30 1765364921 0.000112 4 0.000112 0.000112 0.000112
32 1765364921 0.000091 4 0.000091 0.000091 0.000091
34 1765364921 0.000002 4 0.000002 0.000002 0.000002
16 1765364926 0.000102 3 0.000102 0.000102 0.000102
18 1765364926 27.259278 3 27.259278 27.259278 27.259278
20 1765364926 0.000003 3 0.000003 0.000003 0.000003
22 1765364926 0.000101 3 0.000101 0.000101 0.000101
24 1765364926 0.000003 3 0.000003 0.000003 0.000003
26 1765364926 0.000003 3 0.000003 0.000003 0.000003
28 1765364926 58.719179 3 58.719179 58.719179 58.719179
43 1765364926 10.594765 1 10.594765 10.594765 10.594765
45 1765364926 10.594960 1 10.594960 10.594960 10.594960
30 1765364926 0.000105 3 0.000105 0.000105 0.000105
32 1765364926 0.000092 3 0.000092 0.000092 0.000092
34 1765364926 0.000004 3 0.000004 0.000004 0.000004
43 1765364931 10.743420 2 10.743420 10.743420 10.743420
45 1765364931 10.743644 2 10.743644 10.743644 10.743644
16 1765364936 0.000071 1 0.000071 0.000071 0.000071
18 1765364936 1.736954 1 1.736954 1.736954 1.736954
20 1765364936 0.000003 1 0.000003 0.000003 0.000003
22 1765364936 0.000078 1 0.000078 0.000078 0.000078
24 1765364936 0.000003 1 0.000003 0.000003 0.000003
26 1765364936 0.000002 1 0.000002 0.000002 0.000002
28 1765364936 6.845346 1 6.845346 6.845346 6.845346
43 1765364936 10.696037 5 10.696037 10.696037 10.696037
45 1765364936 10.696261 5 10.696261 10.696261 10.696261
30 1765364936 0.000089 1 0.000089 0.000089 0.000089
32 1765364936 0.000075 1 0.000075 0.000075 0.000075
34 1765364936 0.000002 1 0.000002 0.000002 0.000002
16 1765364941 0.000152 2 0.000152 0.000152 0.000152
18 1765364941 1.318338 2 1.318338 1.318338 1.318338
20 1765364941 0.000005 2 0.000005 0.000005 0.000005
22 1765364941 0.000125 2 0.000125 0.000125 0.000125
24 1765364941 0.000004 2 0.000004 0.000004 0.000004
26 1765364941 0.000005 2 0.000005 0.000005 0.000005
28 1765364941 6.498808 2 6.498808 6.498808 6.498808
30 1765364941 0.000148 2 0.000148 0.000148 0.000148
32 1765364941 0.000116 2 0.000116 0.000116 0.000116
34 1765364941 0.000005 2 0.000005 0.000005 0.000005
43 1765364946 10.655074 1 10.655074 10.655074 10.655074
45 1765364946 10.655304 1 10.655304 10.655304 10.655304
16 1765364951 0.000121 1 0.000121 0.000121 0.000121
18 1765364951 4.231860 1 4.231860 4.231860 4.231860
20 1765364951 0.000010 1 0.000010 0.000010 0.000010
22 1765364951 0.000176 1 0.000176 0.000176 0.000176
24 1765364951 0.000006 1 0.000006 0.000006 0.000006
26 1765364951 0.000003 1 0.000003 0.000003 0.000003
28 1765364951 17.995872 1 17.995872 17.995872 17.995872
43 1765364951 10.479762 2 10.479762 10.479762 10.479762
45 1765364951 10.480036 2 10.480036 10.480036 10.480036
30 1765364951 0.000084 1 0.000084 0.000084 0.000084
32 1765364951 0.000152 1 0.000152 0.000152 0.000152
34 1765364951 0.000006 1 0.000006 0.000006 0.000006
16 1765364956 0.000075 2 0.000075 0.000075 0.000075
18 1765364956 1.187610 2 1.187610 1.187610 1.187610
20 1765364956 0.000003 2 0.000003 0.000003 0.000003
22 1765364956 0.000074 2 0.000074 0.000074 0.000074
24 1765364956 0.000003 2 0.000003 0.000003 0.000003
26 1765364956 0.000003 2 0.000003 0.000003 0.000003
28 1765364956 6.185881 2 6.185881 6.185881 6.185881
30 1765364956 0.000082 2 0.000082 0.000082 0.000082
32 1765364956 0.000190 2 0.000190 0.000190 0.000190
34 1765364956 0.000003 2 0.000003 0.000003 0.000003
43 1765364961 10.494515 1 10.494515 10.494515 10.494515
45 1765364961 10.494711 1 10.494711 10.494711 10.494711
16 1765364966 0.000072 1 0.000072 0.000072 0.000072
18 1765364966 27.614228 1 27.614228 27.614228 27.614228
20 1765364966 0.000003 1 0.000003 0.000003 0.000003
22 1765364966 0.000106 1 0.000106 0.000106 0.000106
24 1765364966 0.000003 1 0.000003 0.000003 0.000003
26 1765364966 0.000002 1 0.000002 0.000002 0.000002
28 1765364966 33.269391 1 33.269391 33.269391 33.269391
43 1765364966 10.660381 2 10.660381 10.660381 10.660381
45 1765364966 10.660591 2 10.660591 10.660591 10.660591
30 1765364966 0.000085 1 0.000085 0.000085 0.000085
32 1765364966 0.000076 1 0.000076 0.000076 0.000076
34 1765364966 0.000003 1 0.000003 0.000003 0.000003
16 1765364971 0.000076 3 0.000076 0.000076 0.000076
18 1765364971 2.547365 3 2.547365 2.547365 2.547365
20 1765364971 0.000003 3 0.000003 0.000003 0.000003
22 1765364971 0.000085 3 0.000085 0.000085 0.000085
24 1765364971 0.000003 3 0.000003 0.000003 0.000003
26 1765364971 0.000003 3 0.000003 0.000003 0.000003
28 1765364971 7.442698 3 7.442698 7.442698 7.442698
30 1765364971 0.000095 3 0.000095 0.000095 0.000095
32 1765364971 0.000089 3 0.000089 0.000089 0.000089
34 1765364971 0.000003 3 0.000003 0.000003 0.000003
16 1765364976 0.000085 1 0.000085 0.000085 0.000085
18 1765364976 1.115042 1 1.115042 1.115042 1.115042
20 1765364976 0.000003 1 0.000003 0.000003 0.000003
22 1765364976 0.000073 1 0.000073 0.000073 0.000073
24 1765364976 0.000003 1 0.000003 0.000003 0.000003
26 1765364976 0.000003 1 0.000003 0.000003 0.000003
28 1765364976 5.956238 1 5.956238 5.956238 5.956238
43 1765364976 10.444438 1 10.444438 10.444438 10.444438
45 1765364976 10.444657 1 10.444657 10.444657 10.444657
30 1765364976 0.000085 1 0.000085 0.000085 0.000085
32 1765364976 0.000078 1 0.000078 0.000078 0.000078
34 1765364976 0.000003 1 0.000003 0.000003 0.000003
43 1765364981 10.442255 3 10.442255 10.442255 10.442255
45 1765364981 10.442519 3 10.442519 10.442519 10.442519
16 1765364986 0.000071 2 0.000071 0.000071 0.000071
18 1765364986 1.221074 2 1.221074 1.221074 1.221074
20 1765364986 0.000003 2 0.000003 0.000003 0.000003
22 1765364986 0.000077 2 0.000077 0.000077 0.000077
24 1765364986 0.000003 2 0.000003 0.000003 0.000003
26 1765364986 0.000003 2 0.000003 0.000003 0.000003
28 1765364986 5.832174 2 5.832174 5.832174 5.832174
43 1765364986 10.453595 1 10.453595 10.453595 10.453595
45 1765364986 10.453812 1 10.453812 10.453812 10.453812
30 1765364986 0.000086 2 0.000086 0.000086 0.000086
32 1765364986 0.000071 2 0.000071 0.000071 0.000071
34 1765364986 0.000003 2 0.000003 0.000003 0.000003
16 1765364991 0.000082 2 0.000082 0.000082 0.000082
18 1765364991 23.201311 2 23.201311 23.201311 23.201311
20 1765364991 0.000003 2 0.000003 0.000003 0.000003
22 1765364991 0.000104 2 0.000104 0.000104 0.000104
24 1765364991 0.000004 2 0.000004 0.000004 0.000004
26 1765364991 0.000005 2 0.000005 0.000005 0.000005
28 1765364991 30.364166 2 30.364166 30.364166 30.364166
30 1765364991 0.000113 2 0.000113 0.000113 0.000113
32 1765364991 0.000105 2 0.000105 0.000105 0.000105
34 1765364991 0.000003 2 0.000003 0.000003 0.000003
43 1765364996 10.467730 2 10.467730 10.467730 10.467730
45 1765364996 10.467943 2 10.467943 10.467943 10.467943
43 1765365001 10.548189 2 10.548189 10.548189 10.548189
45 1765365001 10.548408 2 10.548408 10.548408 10.548408
16 1765365006 0.000074 2 0.000074 0.000074 0.000074
18 1765365006 1.639152 2 1.639152 1.639152 1.639152
20 1765365006 0.000003 2 0.000003 0.000003 0.000003
22 1765365006 0.000081 2 0.000081 0.000081 0.000081
24 1765365006 0.000003 2 0.000003 0.000003 0.000003
26 1765365006 0.000002 2 0.000002 0.000002 0.000002
28 1765365006 6.998485 2 6.998485 6.998485 6.998485
30 1765365006 0.000087 2 0.000087 0.000087 0.000087
32 1765365006 0.000085 2 0.000085 0.000085 0.000085
34 1765365006 0.000002 2 0.000002 0.000002 0.000002
16 1765365011 0.000135 1 0.000135 0.000135 0.000135
18 1765365011 2.639489 1 2.639489 2.639489 2.639489
20 1765365011 0.000005 1 0.000005 0.000005 0.000005
22 1765365011 0.000131 1 0.000131 0.000131 0.000131
24 1765365011 0.000005 1 0.000005 0.000005 0.000005
26 1765365011 0.000003 1 0.000003 0.000003 0.000003
28 1765365011 10.708111 1 10.708111 10.708111 10.708111
30 1765365011 0.000088 1 0.000088 0.000088 0.000088
32 1765365011 0.000143 1 0.000143 0.000143 0.000143
34 1765365011 0.000005 1 0.000005 0.000005 0.000005
43 1765365016 10.413983 2 10.413983 10.413983 10.413983
45 1765365016 10.414187 2 10.414187 10.414187 10.414187
16 1765365021 0.000082 1 0.000082 0.000082 0.000082
18 1765365021 1.220857 1 1.220857 1.220857 1.220857
20 1765365021 0.000002 1 0.000002 0.000002 0.000002
22 1765365021 0.000079 1 0.000079 0.000079 0.000079
24 1765365021 0.000003 1 0.000003 0.000003 0.000003
26 1765365021 0.000003 1 0.000003 0.000003 0.000003
28 1765365021 5.851080 1 5.851080 5.851080 5.851080
43 1765365021 10.508813 1 10.508813 10.508813 10.508813
45 1765365021 10.509070 1 10.509070 10.509070 10.509070
30 1765365021 0.000087 1 0.000087 0.000087 0.000087
32 1765365021 0.000081 1 0.000081 0.000081 0.000081
34 1765365021 0.000002 1 0.000002 0.000002 0.000002
16 1765365026 0.000217 1 0.000217 0.000217 0.000217
18 1765365026 1.161089 1 1.161089 1.161089 1.161089
20 1765365026 0.000003 1 0.000003 0.000003 0.000003
22 1765365026 0.000100 1 0.000100 0.000100 0.000100
24 1765365026 0.000004 1 0.000004 0.000004 0.000004
26 1765365026 0.000003 1 0.000003 0.000003 0.000003
28 1765365026 5.679498 1 5.679498 5.679498 5.679498
30 1765365026 0.000086 1 0.000086 0.000086 0.000086
32 1765365026 0.000111 1 0.000111 0.000111 0.000111
34 1765365026 0.000006 1 0.000006 0.000006 0.000006
16 1765365031 0.000116 1 0.000116 0.000116 0.000116
18 1765365031 7.822151 1 7.822151 7.822151 7.822151
20 1765365031 0.000004 1 0.000004 0.000004 0.000004
22 1765365031 0.000125 1 0.000125 0.000125 0.000125
24 1765365031 0.000004 1 0.000004 0.000004 0.000004
26 1765365031 0.000005 1 0.000005 0.000005 0.000005
28 1765365031 15.402147 1 15.402147 15.402147 15.402147
43 1765365031 10.401550 1 10.401550 10.401550 10.401550
45 1765365031 10.401821 1 10.401821 10.401821 10.401821
30 1765365031 0.000155 1 0.000155 0.000155 0.000155
32 1765365031 0.000111 1 0.000111 0.000111 0.000111
34 1765365031 0.000004 1 0.000004 0.000004 0.000004
16 1765365036 0.000078 1 0.000078 0.000078 0.000078
18 1765365036 1.360559 1 1.360559 1.360559 1.360559
20 1765365036 0.000003 1 0.000003 0.000003 0.000003
22 1765365036 0.000074 1 0.000074 0.000074 0.000074
24 1765365036 0.000003 1 0.000003 0.000003 0.000003
26 1765365036 0.000003 1 0.000003 0.000003 0.000003
28 1765365036 6.627940 1 6.627940 6.627940 6.627940
43 1765365036 10.425412 1 10.425412 10.425412 10.425412
45 1765365036 10.425691 1 10.425691 10.425691 10.425691
30 1765365036 0.000082 1 0.000082 0.000082 0.000082
32 1765365036 0.000075 1 0.000075 0.000075 0.000075
34 1765365036 0.000003 1 0.000003 0.000003 0.000003
16 1765365041 0.000139 1 0.000139 0.000139 0.000139
18 1765365041 1.134473 1 1.134473 1.134473 1.134473
20 1765365041 0.000005 1 0.000005 0.000005 0.000005
22 1765365041 0.000138 1 0.000138 0.000138 0.000138
24 1765365041 0.000005 1 0.000005 0.000005 0.000005
26 1765365041 0.000005 1 0.000005 0.000005 0.000005
28 1765365041 5.799894 1 5.799894 5.799894 5.799894
43 1765365041 10.453716 1 10.453716 10.453716 10.453716
45 1765365041 10.453948 1 10.453948 10.453948 10.453948
30 1765365041 0.000178 1 0.000178 0.000178 0.000178
32 1765365041 0.000135 1 0.000135 0.000135 0.000135
34 1765365041 0.000005 1 0.000005 0.000005 0.000005
43 1765365046 10.405655 1 10.405655 10.405655 10.405655
45 1765365046 10.405887 1 10.405887 10.405887 10.405887
16 1765365051 0.000099 2 0.000099 0.000099 0.000099
18 1765365051 38.202636 2 38.202636 38.202636 38.202636
20 1765365051 0.000003 2 0.000003 0.000003 0.000003
22 1765365051 0.000074 2 0.000074 0.000074 0.000074
24 1765365051 0.000002 2 0.000002 0.000002 0.000002
26 1765365051 0.000004 2 0.000004 0.000004 0.000004
28 1765365051 52.326841 2 52.326841 52.326841 52.326841
30 1765365051 0.000111 2 0.000111 0.000111 0.000111
32 1765365051 0.000108 2 0.000108 0.000108 0.000108
34 1765365051 0.000004 2 0.000004 0.000004 0.000004
43 1765365056 10.730651 1 10.730651 10.730651 10.730651
45 1765365056 10.730900 1 10.730900 10.730900 10.730900
43 1765365061 10.691879 2 10.691879 10.691879 10.691879
45 1765365061 10.692104 2 10.692104 10.692104 10.692104
16 1765365066 0.000070 2 0.000070 0.000070 0.000070
18 1765365066 2.904537 2 2.904537 2.904537 2.904537
20 1765365066 0.000003 2 0.000003 0.000003 0.000003
22 1765365066 0.000077 2 0.000077 0.000077 0.000077
24 1765365066 0.000002 2 0.000002 0.000002 0.000002
26 1765365066 0.000003 2 0.000003 0.000003 0.000003
28 1765365066 8.257590 2 8.257590 8.257590 8.257590
30 1765365066 0.000100 2 0.000100 0.000100 0.000100
32 1765365066 0.000070 2 0.000070 0.000070 0.000070
34 1765365066 0.000003 2 0.000003 0.000003 0.000003
16 1765365071 0.000073 1 0.000073 0.000073 0.000073
18 1765365071 78.080691 1 78.080691 78.080691 78.080691
20 1765365071 0.000002 1 0.000002 0.000002 0.000002
22 1765365071 0.000080 1 0.000080 0.000080 0.000080
24 1765365071 0.000003 1 0.000003 0.000003 0.000003
26 1765365071 0.000003 1 0.000003 0.000003 0.000003
28 1765365071 87.202140 1 87.202140 87.202140 87.202140
30 1765365071 0.000087 1 0.000087 0.000087 0.000087
32 1765365071 0.000092 1 0.000092 0.000092 0.000092
34 1765365071 0.000003 1 0.000003 0.000003 0.000003
16 1765365076 0.000077 3 0.000077 0.000077 0.000077
53 1765365076 0.000013 2 0.000013 0.000013 0.000013
18 1765365076 68.271084 3 68.271084 68.271084 68.271084
20 1765365076 0.000004 3 0.000004 0.000004 0.000004
22 1765365076 0.000108 3 0.000108 0.000108 0.000108
24 1765365076 0.000003 3 0.000003 0.000003 0.000003
26 1765365076 0.000004 3 0.000004 0.000004 0.000004
28 1765365076 79.572528 3 79.572528 79.572528 79.572528
43 1765365076 10.555703 2 10.555703 10.555703 10.555703
45 1765365076 10.555932 2 10.555932 10.555932 10.555932
30 1765365076 0.000118 3 0.000118 0.000118 0.000118
32 1765365076 0.000083 3 0.000083 0.000083 0.000083
34 1765365076 0.000003 3 0.000003 0.000003 0.000003
43 1765365081 10.384129 1 10.384129 10.384129 10.384129
45 1765365081 10.384361 1 10.384361 10.384361 10.384361
16 1765365086 0.000075 1 0.000075 0.000075 0.000075
18 1765365086 1.115330 1 1.115330 1.115330 1.115330
20 1765365086 0.000002 1 0.000002 0.000002 0.000002
22 1765365086 0.000085 1 0.000085 0.000085 0.000085
24 1765365086 0.000003 1 0.000003 0.000003 0.000003
26 1765365086 0.000004 1 0.000004 0.000004 0.000004
28 1765365086 5.554774 1 5.554774 5.554774 5.554774
43 1765365086 10.673258 3 10.673258 10.673258 10.673258
45 1765365086 10.673488 3 10.673488 10.673488 10.673488
30 1765365086 0.000108 1 0.000108 0.000108 0.000108
32 1765365086 0.000098 1 0.000098 0.000098 0.000098
34 1765365086 0.000002 1 0.000002 0.000002 0.000002
16 1765365091 0.000094 3 0.000094 0.000094 0.000094
18 1765365091 1.209854 3 1.209854 1.209854 1.209854
20 1765365091 0.000004 3 0.000004 0.000004 0.000004
22 1765365091 0.000148 3 0.000148 0.000148 0.000148
24 1765365091 0.000004 3 0.000004 0.000004 0.000004
26 1765365091 0.000004 3 0.000004 0.000004 0.000004
28 1765365091 5.997435 3 5.997435 5.997435 5.997435
30 1765365091 0.000104 3 0.000104 0.000104 0.000104
32 1765365091 0.000118 3 0.000118 0.000118 0.000118
34 1765365091 0.000004 3 0.000004 0.000004 0.000004
53 1765365101 0.000013 1 0.000013 0.000013 0.000013
43 1765365101 10.616328 4 10.616328 10.616328 10.616328
45 1765365101 10.616582 4 10.616582 10.616582 10.616582
16 1765365106 0.000071 1 0.000071 0.000071 0.000071
18 1765365106 1.932433 1 1.932433 1.932433 1.932433
20 1765365106 0.000003 1 0.000003 0.000003 0.000003
22 1765365106 0.000073 1 0.000073 0.000073 0.000073
24 1765365106 0.000002 1 0.000002 0.000002 0.000002
26 1765365106 0.000003 1 0.000003 0.000003 0.000003
28 1765365106 6.422632 1 6.422632 6.422632 6.422632
30 1765365106 0.000082 1 0.000082 0.000082 0.000082
32 1765365106 0.000070 1 0.000070 0.000070 0.000070
34 1765365106 0.000003 1 0.000003 0.000003 0.000003
16 1765365111 0.000098 2 0.000098 0.000098 0.000098
18 1765365111 1.266943 2 1.266943 1.266943 1.266943
20 1765365111 0.000003 2 0.000003 0.000003 0.000003
22 1765365111 0.000082 2 0.000082 0.000082 0.000082
24 1765365111 0.000004 2 0.000004 0.000004 0.000004
26 1765365111 0.000003 2 0.000003 0.000003 0.000003
28 1765365111 6.025604 2 6.025604 6.025604 6.025604
30 1765365111 0.000123 2 0.000123 0.000123 0.000123
32 1765365111 0.000088 2 0.000088 0.000088 0.000088
34 1765365111 0.000004 2 0.000004 0.000004 0.000004
53 1765365116 0.000017 1 0.000017 0.000017 0.000017
53 1765365121 0.000012 2 0.000012 0.000012 0.000012
43 1765365121 10.382361 3 10.382361 10.382361 10.382361
45 1765365121 10.383150 3 10.383150 10.383150 10.383150
16 1765365126 0.000080 1 0.000080 0.000080 0.000080
18 1765365126 1.414925 1 1.414925 1.414925 1.414925
20 1765365126 0.000003 1 0.000003 0.000003 0.000003
22 1765365126 0.000081 1 0.000081 0.000081 0.000081
24 1765365126 0.000002 1 0.000002 0.000002 0.000002
26 1765365126 0.000003 1 0.000003 0.000003 0.000003
28 1765365126 6.391665 1 6.391665 6.391665 6.391665
30 1765365126 0.000091 1 0.000091 0.000091 0.000091
32 1765365126 0.000081 1 0.000081 0.000081 0.000081
34 1765365126 0.000003 1 0.000003 0.000003 0.000003
53 1765365136 0.000021 1 0.000021 0.000021 0.000021
43 1765365136 10.404384 1 10.404384 10.404384 10.404384
45 1765365136 10.404606 1 10.404606 10.404606 10.404606
16 1765365171 0.000090 1 0.000090 0.000090 0.000090
18 1765365171 44.701315 1 44.701315 44.701315 44.701315
20 1765365171 0.000006 1 0.000006 0.000006 0.000006
22 1765365171 0.000136 1 0.000136 0.000136 0.000136
24 1765365171 0.000006 1 0.000006 0.000006 0.000006
26 1765365171 0.000005 1 0.000005 0.000005 0.000005
28 1765365171 54.065267 1 54.065267 54.065267 54.065267
30 1765365171 0.000131 1 0.000131 0.000131 0.000131
32 1765365171 0.000157 1 0.000157 0.000157 0.000157
34 1765365171 0.000003 1 0.000003 0.000003 0.000003
53 1765365176 0.000014 1 0.000014 0.000014 0.000014
53 1765365186 0.000013 1 0.000013 0.000013 0.000013
43 1765365186 11.772176 1 11.772176 11.772176 11.772176
45 1765365186 11.772404 1 11.772404 11.772404 11.772404
53 1765365201 0.000015 1 0.000015 0.000015 0.000015
