1 1765364757 0.000000 1 0.000000 0.000000 0.000000
2 1765364757 0.000000 1 0.000000 0.000000 0.000000
3 1765364757 0.000000 1 0.000000 0.000000 0.000000
4 1765364757 0.000000 1 0.000000 0.000000 0.000000
1 1765364758 0.000000 1 0.000000 0.000000 0.000000
2 1765364758 0.000000 1 0.000000 0.000000 0.000000
3 1765364758 0.000000 1 0.000000 0.000000 0.000000
4 1765364758 0.000000 1 0.000000 0.000000 0.000000
1 1765364759 0.000000 1 0.000000 0.000000 0.000000
2 1765364759 0.000000 1 0.000000 0.000000 0.000000
3 1765364759 0.000000 1 0.000000 0.000000 0.000000
4 1765364759 0.000000 1 0.000000 0.000000 0.000000
1 1765364760 0.000000 1 0.000000 0.000000 0.000000
2 1765364760 0.000000 1 0.000000 0.000000 0.000000
3 1765364760 0.000000 1 0.000000 0.000000 0.000000
4 1765364760 0.000000 1 0.000000 0.000000 0.000000
1 1765364761 0.000000 1 0.000000 0.000000 0.000000
2 1765364761 0.000000 1 0.000000 0.000000 0.000000
3 1765364761 0.000000 1 0.000000 0.000000 0.000000
4 1765364761 0.000000 1 0.000000 0.000000 0.000000
1 1765364762 10.000000 1 10.000000 10.000000 10.000000
2 1765364762 0.000000 1 0.000000 0.000000 0.000000
3 1765364762 0.000000 1 0.000000 0.000000 0.000000
4 1765364762 0.000000 1 0.000000 0.000000 0.000000
1 1765364763 10.000000 1 10.000000 10.000000 10.000000
2 1765364763 0.000000 1 0.000000 0.000000 0.000000
3 1765364763 0.000000 1 0.000000 0.000000 0.000000
4 1765364763 0.000000 1 0.000000 0.000000 0.000000
1 1765364764 10.000000 1 10.000000 10.000000 10.000000
2 1765364764 0.000000 1 0.000000 0.000000 0.000000
3 1765364764 0.000000 1 0.000000 0.000000 0.000000
4 1765364764 0.000000 1 0.000000 0.000000 0.000000
1 1765364765 10.000000 1 10.000000 10.000000 10.000000
2 1765364765 0.000000 1 0.000000 0.000000 0.000000
3 1765364765 0.000000 1 0.000000 0.000000 0.000000
4 1765364765 0.000000 1 0.000000 0.000000 0.000000
1 1765364766 10.000000 1 10.000000 10.000000 10.000000
2 1765364766 0.000000 1 0.000000 0.000000 0.000000
3 1765364766 0.000000 1 0.000000 0.000000 0.000000
4 1765364766 0.000000 1 0.000000 0.000000 0.000000
1 1765364767 10.000000 1 10.000000 10.000000 10.000000
2 1765364767 0.000000 1 0.000000 0.000000 0.000000
3 1765364767 0.000000 1 0.000000 0.000000 0.000000
4 1765364767 0.000000 1 0.000000 0.000000 0.000000
1 1765364768 10.000000 1 10.000000 10.000000 10.000000
2 1765364768 0.000000 1 0.000000 0.000000 0.000000
3 1765364768 0.000000 1 0.000000 0.000000 0.000000
4 1765364768 0.000000 1 0.000000 0.000000 0.000000
1 1765364769 10.000000 1 10.000000 10.000000 10.000000
2 1765364769 0.000000 1 0.000000 0.000000 0.000000
3 1765364769 0.000000 1 0.000000 0.000000 0.000000
4 1765364769 0.000000 1 0.000000 0.000000 0.000000
1 1765364770 10.000000 1 10.000000 10.000000 10.000000
2 1765364770 0.000000 1 0.000000 0.000000 0.000000
3 1765364770 0.000000 1 0.000000 0.000000 0.000000
4 1765364770 0.000000 1 0.000000 0.000000 0.000000
1 1765364771 10.000000 1 10.000000 10.000000 10.000000
2 1765364771 0.000000 1 0.000000 0.000000 0.000000
3 1765364771 0.000000 1 0.000000 0.000000 0.000000
4 1765364771 0.000000 1 0.000000 0.000000 0.000000
1 1765364772 10.000000 1 10.000000 10.000000 10.000000
2 1765364772 0.000000 1 0.000000 0.000000 0.000000
3 1765364772 0.000000 1 0.000000 0.000000 0.000000
4 1765364772 0.000000 1 0.000000 0.000000 0.000000
1 1765364773 10.000000 1 10.000000 10.000000 10.000000
2 1765364773 0.000000 1 0.000000 0.000000 0.000000
3 1765364773 0.000000 1 0.000000 0.000000 0.000000
4 1765364773 0.000000 1 0.000000 0.000000 0.000000
1 1765364774 10.000000 1 10.000000 10.000000 10.000000
2 1765364774 0.000000 1 0.000000 0.000000 0.000000
3 1765364774 0.000000 1 0.000000 0.000000 0.000000
4 1765364774 0.000000 1 0.000000 0.000000 0.000000
1 1765364775 10.000000 1 10.000000 10.000000 10.000000
2 1765364775 0.000000 1 0.000000 0.000000 0.000000
3 1765364775 0.000000 1 0.000000 0.000000 0.000000
4 1765364775 0.000000 1 0.000000 0.000000 0.000000
1 1765364776 10.000000 1 10.000000 10.000000 10.000000
2 1765364776 0.000000 1 0.000000 0.000000 0.000000
3 1765364776 0.000000 1 0.000000 0.000000 0.000000
4 1765364776 0.000000 1 0.000000 0.000000 0.000000
1 1765364777 10.000000 1 10.000000 10.000000 10.000000
2 1765364777 0.000000 1 0.000000 0.000000 0.000000
3 1765364777 0.000000 1 0.000000 0.000000 0.000000
4 1765364777 0.000000 1 0.000000 0.000000 0.000000
1 1765364778 10.000000 1 10.000000 10.000000 10.000000
2 1765364778 0.000000 1 0.000000 0.000000 0.000000
3 1765364778 0.000000 1 0.000000 0.000000 0.000000
4 1765364778 0.000000 1 0.000000 0.000000 0.000000
1 1765364779 10.000000 1 10.000000 10.000000 10.000000
2 1765364779 0.000000 1 0.000000 0.000000 0.000000
3 1765364779 0.000000 1 0.000000 0.000000 0.000000
4 1765364779 0.000000 1 0.000000 0.000000 0.000000
1 1765364780 10.000000 1 10.000000 10.000000 10.000000
2 1765364780 0.000000 1 0.000000 0.000000 0.000000
3 1765364780 0.000000 1 0.000000 0.000000 0.000000
4 1765364780 0.000000 1 0.000000 0.000000 0.000000
1 1765364781 10.000000 1 10.000000 10.000000 10.000000
2 1765364781 0.000000 1 0.000000 0.000000 0.000000
3 1765364781 0.000000 1 0.000000 0.000000 0.000000
4 1765364781 0.000000 1 0.000000 0.000000 0.000000
1 1765364782 10.000000 1 10.000000 10.000000 10.000000
2 1765364782 0.000000 1 0.000000 0.000000 0.000000
3 1765364782 0.000000 1 0.000000 0.000000 0.000000
4 1765364782 0.000000 1 0.000000 0.000000 0.000000
1 1765364783 10.000000 1 10.000000 10.000000 10.000000
2 1765364783 0.000000 1 0.000000 0.000000 0.000000
3 1765364783 0.000000 1 0.000000 0.000000 0.000000
4 1765364783 0.000000 1 0.000000 0.000000 0.000000
1 1765364784 10.000000 1 10.000000 10.000000 10.000000
2 1765364784 0.000000 1 0.000000 0.000000 0.000000
3 1765364784 0.000000 1 0.000000 0.000000 0.000000
4 1765364784 0.000000 1 0.000000 0.000000 0.000000
1 1765364785 10.000000 1 10.000000 10.000000 10.000000
2 1765364785 0.000000 1 0.000000 0.000000 0.000000
3 1765364785 0.000000 1 0.000000 0.000000 0.000000
4 1765364785 0.000000 1 0.000000 0.000000 0.000000
1 1765364786 10.000000 1 10.000000 10.000000 10.000000
2 1765364786 0.000000 1 0.000000 0.000000 0.000000
3 1765364786 0.000000 1 0.000000 0.000000 0.000000
4 1765364786 0.000000 1 0.000000 0.000000 0.000000
1 1765364787 10.000000 1 10.000000 10.000000 10.000000
2 1765364787 0.000000 1 0.000000 0.000000 0.000000
3 1765364787 0.000000 1 0.000000 0.000000 0.000000
4 1765364787 0.000000 1 0.000000 0.000000 0.000000
1 1765364788 10.000000 1 10.000000 10.000000 10.000000
2 1765364788 0.000000 1 0.000000 0.000000 0.000000
3 1765364788 0.000000 1 0.000000 0.000000 0.000000
4 1765364788 0.000000 1 0.000000 0.000000 0.000000
1 1765364789 10.000000 1 10.000000 10.000000 10.000000
2 1765364789 0.000000 1 0.000000 0.000000 0.000000
3 1765364789 0.000000 1 0.000000 0.000000 0.000000
4 1765364789 0.000000 1 0.000000 0.000000 0.000000
1 1765364790 10.000000 1 10.000000 10.000000 10.000000
2 1765364790 0.000000 1 0.000000 0.000000 0.000000
3 1765364790 0.000000 1 0.000000 0.000000 0.000000
4 1765364790 0.000000 1 0.000000 0.000000 0.000000
1 1765364791 10.000000 1 10.000000 10.000000 10.000000
2 1765364791 0.000000 1 0.000000 0.000000 0.000000
3 1765364791 0.000000 1 0.000000 0.000000 0.000000
4 1765364791 0.000000 1 0.000000 0.000000 0.000000
1 1765364792 10.000000 1 10.000000 10.000000 10.000000
2 1765364792 0.000000 1 0.000000 0.000000 0.000000
3 1765364792 0.000000 1 0.000000 0.000000 0.000000
4 1765364792 0.000000 1 0.000000 0.000000 0.000000
1 1765364793 10.000000 1 10.000000 10.000000 10.000000
2 1765364793 0.000000 1 0.000000 0.000000 0.000000
3 1765364793 0.000000 1 0.000000 0.000000 0.000000
4 1765364793 0.000000 1 0.000000 0.000000 0.000000
1 1765364794 10.000000 1 10.000000 10.000000 10.000000
2 1765364794 0.000000 1 0.000000 0.000000 0.000000
3 1765364794 0.000000 1 0.000000 0.000000 0.000000
4 1765364794 0.000000 1 0.000000 0.000000 0.000000
1 1765364795 10.000000 1 10.000000 10.000000 10.000000
2 1765364795 0.000000 1 0.000000 0.000000 0.000000
3 1765364795 0.000000 1 0.000000 0.000000 0.000000
4 1765364795 0.000000 1 0.000000 0.000000 0.000000
1 1765364796 10.000000 1 10.000000 10.000000 10.000000
2 1765364796 0.000000 1 0.000000 0.000000 0.000000
3 1765364796 0.000000 1 0.000000 0.000000 0.000000
4 1765364796 0.000000 1 0.000000 0.000000 0.000000
1 1765364797 10.000000 1 10.000000 10.000000 10.000000
2 1765364797 0.000000 1 0.000000 0.000000 0.000000
3 1765364797 0.000000 1 0.000000 0.000000 0.000000
4 1765364797 0.000000 1 0.000000 0.000000 0.000000
1 1765364798 10.000000 1 10.000000 10.000000 10.000000
2 1765364798 0.000000 1 0.000000 0.000000 0.000000
3 1765364798 0.000000 1 0.000000 0.000000 0.000000
4 1765364798 0.000000 1 0.000000 0.000000 0.000000
1 1765364799 10.000000 1 10.000000 10.000000 10.000000
2 1765364799 0.000000 1 0.000000 0.000000 0.000000
3 1765364799 0.000000 1 0.000000 0.000000 0.000000
4 1765364799 0.000000 1 0.000000 0.000000 0.000000
1 1765364800 10.000000 1 10.000000 10.000000 10.000000
2 1765364800 0.000000 1 0.000000 0.000000 0.000000
3 1765364800 0.000000 1 0.000000 0.000000 0.000000
4 1765364800 0.000000 1 0.000000 0.000000 0.000000
1 1765364801 10.000000 1 10.000000 10.000000 10.000000
2 1765364801 0.000000 1 0.000000 0.000000 0.000000
3 1765364801 0.000000 1 0.000000 0.000000 0.000000
4 1765364801 0.000000 1 0.000000 0.000000 0.000000
1 1765364802 10.000000 1 10.000000 10.000000 10.000000
2 1765364802 0.000000 1 0.000000 0.000000 0.000000
3 1765364802 0.000000 1 0.000000 0.000000 0.000000
4 1765364802 0.000000 1 0.000000 0.000000 0.000000
1 1765364803 10.000000 1 10.000000 10.000000 10.000000
2 1765364803 0.000000 1 0.000000 0.000000 0.000000
3 1765364803 0.000000 1 0.000000 0.000000 0.000000
4 1765364803 0.000000 1 0.000000 0.000000 0.000000
1 1765364804 10.000000 1 10.000000 10.000000 10.000000
2 1765364804 0.000000 1 0.000000 0.000000 0.000000
3 1765364804 0.000000 1 0.000000 0.000000 0.000000
4 1765364804 0.000000 1 0.000000 0.000000 0.000000
1 1765364805 10.000000 1 10.000000 10.000000 10.000000
2 1765364805 0.000000 1 0.000000 0.000000 0.000000
3 1765364805 0.000000 1 0.000000 0.000000 0.000000
4 1765364805 0.000000 1 0.000000 0.000000 0.000000
1 1765364806 10.000000 1 10.000000 10.000000 10.000000
2 1765364806 0.000000 1 0.000000 0.000000 0.000000
3 1765364806 0.000000 1 0.000000 0.000000 0.000000
4 1765364806 0.000000 1 0.000000 0.000000 0.000000
1 1765364807 10.000000 1 10.000000 10.000000 10.000000
2 1765364807 0.000000 1 0.000000 0.000000 0.000000
3 1765364807 0.000000 1 0.000000 0.000000 0.000000
4 1765364807 0.000000 1 0.000000 0.000000 0.000000
1 1765364808 10.000000 1 10.000000 10.000000 10.000000
2 1765364808 0.000000 1 0.000000 0.000000 0.000000
3 1765364808 0.000000 1 0.000000 0.000000 0.000000
4 1765364808 0.000000 1 0.000000 0.000000 0.000000
1 1765364809 10.000000 1 10.000000 10.000000 10.000000
2 1765364809 0.000000 1 0.000000 0.000000 0.000000
3 1765364809 0.000000 1 0.000000 0.000000 0.000000
4 1765364809 0.000000 1 0.000000 0.000000 0.000000
1 1765364810 10.000000 1 10.000000 10.000000 10.000000
2 1765364810 0.000000 1 0.000000 0.000000 0.000000
3 1765364810 0.000000 1 0.000000 0.000000 0.000000
4 1765364810 0.000000 1 0.000000 0.000000 0.000000
1 1765364811 10.000000 1 10.000000 10.000000 10.000000
2 1765364811 0.000000 1 0.000000 0.000000 0.000000
3 1765364811 0.000000 1 0.000000 0.000000 0.000000
4 1765364811 0.000000 1 0.000000 0.000000 0.000000
1 1765364812 10.000000 1 10.000000 10.000000 10.000000
2 1765364812 0.000000 1 0.000000 0.000000 0.000000
3 1765364812 0.000000 1 0.000000 0.000000 0.000000
4 1765364812 0.000000 1 0.000000 0.000000 0.000000
1 1765364813 10.000000 1 10.000000 10.000000 10.000000
2 1765364813 0.000000 1 0.000000 0.000000 0.000000
3 1765364813 0.000000 1 0.000000 0.000000 0.000000
4 1765364813 0.000000 1 0.000000 0.000000 0.000000
1 1765364814 10.000000 1 10.000000 10.000000 10.000000
2 1765364814 0.000000 1 0.000000 0.000000 0.000000
3 1765364814 0.000000 1 0.000000 0.000000 0.000000
4 1765364814 0.000000 1 0.000000 0.000000 0.000000
1 1765364816 10.000000 1 10.000000 10.000000 10.000000
2 1765364816 0.000000 1 0.000000 0.000000 0.000000
3 1765364816 0.000000 1 0.000000 0.000000 0.000000
4 1765364816 0.000000 1 0.000000 0.000000 0.000000
1 1765364817 10.000000 1 10.000000 10.000000 10.000000
2 1765364817 0.000000 1 0.000000 0.000000 0.000000
3 1765364817 0.000000 1 0.000000 0.000000 0.000000
4 1765364817 0.000000 1 0.000000 0.000000 0.000000
1 1765364818 10.000000 1 10.000000 10.000000 10.000000
2 1765364818 0.000000 1 0.000000 0.000000 0.000000
3 1765364818 0.000000 1 0.000000 0.000000 0.000000
4 1765364818 0.000000 1 0.000000 0.000000 0.000000
1 1765364819 10.000000 1 10.000000 10.000000 10.000000
2 1765364819 0.000000 1 0.000000 0.000000 0.000000
3 1765364819 0.000000 1 0.000000 0.000000 0.000000
4 1765364819 0.000000 1 0.000000 0.000000 0.000000
1 1765364820 10.000000 1 10.000000 10.000000 10.000000
2 1765364820 0.000000 1 0.000000 0.000000 0.000000
3 1765364820 0.000000 1 0.000000 0.000000 0.000000
4 1765364820 0.000000 1 0.000000 0.000000 0.000000
1 1765364821 10.000000 1 10.000000 10.000000 10.000000
2 1765364821 0.000000 1 0.000000 0.000000 0.000000
3 1765364821 0.000000 1 0.000000 0.000000 0.000000
4 1765364821 0.000000 1 0.000000 0.000000 0.000000
1 1765364822 10.000000 1 10.000000 10.000000 10.000000
2 1765364822 0.000000 1 0.000000 0.000000 0.000000
3 1765364822 0.000000 1 0.000000 0.000000 0.000000
4 1765364822 0.000000 1 0.000000 0.000000 0.000000
1 1765364823 10.000000 1 10.000000 10.000000 10.000000
2 1765364823 0.000000 1 0.000000 0.000000 0.000000
3 1765364823 0.000000 1 0.000000 0.000000 0.000000
4 1765364823 0.000000 1 0.000000 0.000000 0.000000
1 1765364824 10.000000 1 10.000000 10.000000 10.000000
2 1765364824 0.000000 1 0.000000 0.000000 0.000000
3 1765364824 0.000000 1 0.000000 0.000000 0.000000
4 1765364824 0.000000 1 0.000000 0.000000 0.000000
1 1765364825 10.000000 1 10.000000 10.000000 10.000000
2 1765364825 0.000000 1 0.000000 0.000000 0.000000
3 1765364825 0.000000 1 0.000000 0.000000 0.000000
4 1765364825 0.000000 1 0.000000 0.000000 0.000000
1 1765364826 10.000000 1 10.000000 10.000000 10.000000
2 1765364826 0.000000 1 0.000000 0.000000 0.000000
3 1765364826 0.000000 1 0.000000 0.000000 0.000000
4 1765364826 0.000000 1 0.000000 0.000000 0.000000
1 1765364827 10.000000 1 10.000000 10.000000 10.000000
2 1765364827 0.000000 1 0.000000 0.000000 0.000000
3 1765364827 0.000000 1 0.000000 0.000000 0.000000
4 1765364827 0.000000 1 0.000000 0.000000 0.000000
1 1765364828 10.000000 1 10.000000 10.000000 10.000000
2 1765364828 0.000000 1 0.000000 0.000000 0.000000
3 1765364828 0.000000 1 0.000000 0.000000 0.000000
4 1765364828 0.000000 1 0.000000 0.000000 0.000000
1 1765364829 10.000000 1 10.000000 10.000000 10.000000
2 1765364829 0.000000 1 0.000000 0.000000 0.000000
3 1765364829 0.000000 1 0.000000 0.000000 0.000000
4 1765364829 0.000000 1 0.000000 0.000000 0.000000
1 1765364830 10.000000 1 10.000000 10.000000 10.000000
2 1765364830 0.000000 1 0.000000 0.000000 0.000000
3 1765364830 0.000000 1 0.000000 0.000000 0.000000
4 1765364830 0.000000 1 0.000000 0.000000 0.000000
1 1765364831 10.000000 1 10.000000 10.000000 10.000000
2 1765364831 0.000000 1 0.000000 0.000000 0.000000
3 1765364831 0.000000 1 0.000000 0.000000 0.000000
4 1765364831 0.000000 1 0.000000 0.000000 0.000000
1 1765364832 10.000000 1 10.000000 10.000000 10.000000
2 1765364832 0.000000 1 0.000000 0.000000 0.000000
3 1765364832 0.000000 1 0.000000 0.000000 0.000000
4 1765364832 0.000000 1 0.000000 0.000000 0.000000
1 1765364833 10.000000 1 10.000000 10.000000 10.000000
2 1765364833 0.000000 1 0.000000 0.000000 0.000000
3 1765364833 0.000000 1 0.000000 0.000000 0.000000
4 1765364833 0.000000 1 0.000000 0.000000 0.000000
1 1765364834 10.000000 1 10.000000 10.000000 10.000000
2 1765364834 0.000000 1 0.000000 0.000000 0.000000
3 1765364834 0.000000 1 0.000000 0.000000 0.000000
4 1765364834 0.000000 1 0.000000 0.000000 0.000000
1 1765364835 10.000000 1 10.000000 10.000000 10.000000
2 1765364835 0.000000 1 0.000000 0.000000 0.000000
3 1765364835 0.000000 1 0.000000 0.000000 0.000000
4 1765364835 0.000000 1 0.000000 0.000000 0.000000
1 1765364836 10.000000 1 10.000000 10.000000 10.000000
2 1765364836 0.000000 1 0.000000 0.000000 0.000000
3 1765364836 0.000000 1 0.000000 0.000000 0.000000
4 1765364836 0.000000 1 0.000000 0.000000 0.000000
1 1765364837 10.000000 1 10.000000 10.000000 10.000000
2 1765364837 0.000000 1 0.000000 0.000000 0.000000
3 1765364837 0.000000 1 0.000000 0.000000 0.000000
4 1765364837 0.000000 1 0.000000 0.000000 0.000000
1 1765364838 10.000000 1 10.000000 10.000000 10.000000
2 1765364838 0.000000 1 0.000000 0.000000 0.000000
3 1765364838 0.000000 1 0.000000 0.000000 0.000000
4 1765364838 0.000000 1 0.000000 0.000000 0.000000
1 1765364839 10.000000 1 10.000000 10.000000 10.000000
2 1765364839 0.000000 1 0.000000 0.000000 0.000000
3 1765364839 0.000000 1 0.000000 0.000000 0.000000
4 1765364839 0.000000 1 0.000000 0.000000 0.000000
1 1765364840 10.000000 1 10.000000 10.000000 10.000000
2 1765364840 0.000000 1 0.000000 0.000000 0.000000
3 1765364840 0.000000 1 0.000000 0.000000 0.000000
4 1765364840 0.000000 1 0.000000 0.000000 0.000000
1 1765364841 10.000000 1 10.000000 10.000000 10.000000
2 1765364841 0.000000 1 0.000000 0.000000 0.000000
3 1765364841 0.000000 1 0.000000 0.000000 0.000000
4 1765364841 0.000000 1 0.000000 0.000000 0.000000
1 1765364842 10.000000 1 10.000000 10.000000 10.000000
2 1765364842 0.000000 1 0.000000 0.000000 0.000000
3 1765364842 0.000000 1 0.000000 0.000000 0.000000
4 1765364842 0.000000 1 0.000000 0.000000 0.000000
1 1765364843 10.000000 1 10.000000 10.000000 10.000000
2 1765364843 0.000000 1 0.000000 0.000000 0.000000
3 1765364843 0.000000 1 0.000000 0.000000 0.000000
4 1765364843 0.000000 1 0.000000 0.000000 0.000000
1 1765364844 10.000000 1 10.000000 10.000000 10.000000
2 1765364844 0.000000 1 0.000000 0.000000 0.000000
3 1765364844 0.000000 1 0.000000 0.000000 0.000000
4 1765364844 0.000000 1 0.000000 0.000000 0.000000
1 1765364845 10.000000 1 10.000000 10.000000 10.000000
2 1765364845 0.000000 1 0.000000 0.000000 0.000000
3 1765364845 0.000000 1 0.000000 0.000000 0.000000
4 1765364845 0.000000 1 0.000000 0.000000 0.000000
1 1765364846 10.000000 1 10.000000 10.000000 10.000000
2 1765364846 0.000000 1 0.000000 0.000000 0.000000
3 1765364846 0.000000 1 0.000000 0.000000 0.000000
4 1765364846 0.000000 1 0.000000 0.000000 0.000000
1 1765364847 10.000000 1 10.000000 10.000000 10.000000
2 1765364847 0.000000 1 0.000000 0.000000 0.000000
3 1765364847 0.000000 1 0.000000 0.000000 0.000000
4 1765364847 0.000000 1 0.000000 0.000000 0.000000
1 1765364848 10.000000 1 10.000000 10.000000 10.000000
2 1765364848 0.000000 1 0.000000 0.000000 0.000000
3 1765364848 0.000000 1 0.000000 0.000000 0.000000
4 1765364848 0.000000 1 0.000000 0.000000 0.000000
1 1765364849 10.000000 1 10.000000 10.000000 10.000000
2 1765364849 0.000000 1 0.000000 0.000000 0.000000
3 1765364849 0.000000 1 0.000000 0.000000 0.000000
4 1765364849 0.000000 1 0.000000 0.000000 0.000000
1 1765364850 10.000000 1 10.000000 10.000000 10.000000
2 1765364850 0.000000 1 0.000000 0.000000 0.000000
3 1765364850 0.000000 1 0.000000 0.000000 0.000000
4 1765364850 0.000000 1 0.000000 0.000000 0.000000
1 1765364851 10.000000 1 10.000000 10.000000 10.000000
2 1765364851 0.000000 1 0.000000 0.000000 0.000000
3 1765364851 0.000000 1 0.000000 0.000000 0.000000
4 1765364851 0.000000 1 0.000000 0.000000 0.000000
1 1765364852 10.000000 1 10.000000 10.000000 10.000000
2 1765364852 0.000000 1 0.000000 0.000000 0.000000
3 1765364852 0.000000 1 0.000000 0.000000 0.000000
4 1765364852 0.000000 1 0.000000 0.000000 0.000000
1 1765364853 10.000000 1 10.000000 10.000000 10.000000
2 1765364853 0.000000 1 0.000000 0.000000 0.000000
3 1765364853 0.000000 1 0.000000 0.000000 0.000000
4 1765364853 0.000000 1 0.000000 0.000000 0.000000
1 1765364854 10.000000 1 10.000000 10.000000 10.000000
2 1765364854 0.000000 1 0.000000 0.000000 0.000000
3 1765364854 0.000000 1 0.000000 0.000000 0.000000
4 1765364854 0.000000 1 0.000000 0.000000 0.000000
1 1765364855 10.000000 1 10.000000 10.000000 10.000000
2 1765364855 0.000000 1 0.000000 0.000000 0.000000
3 1765364855 0.000000 1 0.000000 0.000000 0.000000
4 1765364855 0.000000 1 0.000000 0.000000 0.000000
1 1765364856 10.000000 1 10.000000 10.000000 10.000000
2 1765364856 0.000000 1 0.000000 0.000000 0.000000
3 1765364856 0.000000 1 0.000000 0.000000 0.000000
4 1765364856 0.000000 1 0.000000 0.000000 0.000000
1 1765364857 10.000000 1 10.000000 10.000000 10.000000
2 1765364857 0.000000 1 0.000000 0.000000 0.000000
3 1765364857 0.000000 1 0.000000 0.000000 0.000000
4 1765364857 0.000000 1 0.000000 0.000000 0.000000
1 1765364858 10.000000 1 10.000000 10.000000 10.000000
2 1765364858 0.000000 1 0.000000 0.000000 0.000000
3 1765364858 0.000000 1 0.000000 0.000000 0.000000
4 1765364858 0.000000 1 0.000000 0.000000 0.000000
1 1765364859 10.000000 1 10.000000 10.000000 10.000000
2 1765364859 0.000000 1 0.000000 0.000000 0.000000
3 1765364859 0.000000 1 0.000000 0.000000 0.000000
4 1765364859 0.000000 1 0.000000 0.000000 0.000000
1 1765364860 10.000000 1 10.000000 10.000000 10.000000
2 1765364860 0.000000 1 0.000000 0.000000 0.000000
3 1765364860 0.000000 1 0.000000 0.000000 0.000000
4 1765364860 0.000000 1 0.000000 0.000000 0.000000
1 1765364861 10.000000 1 10.000000 10.000000 10.000000
2 1765364861 0.000000 1 0.000000 0.000000 0.000000
3 1765364861 0.000000 1 0.000000 0.000000 0.000000
4 1765364861 0.000000 1 0.000000 0.000000 0.000000
1 1765364862 10.000000 1 10.000000 10.000000 10.000000
2 1765364862 0.000000 1 0.000000 0.000000 0.000000
3 1765364862 0.000000 1 0.000000 0.000000 0.000000
4 1765364862 0.000000 1 0.000000 0.000000 0.000000
1 1765364863 10.000000 1 10.000000 10.000000 10.000000
2 1765364863 0.000000 1 0.000000 0.000000 0.000000
3 1765364863 0.000000 1 0.000000 0.000000 0.000000
4 1765364863 0.000000 1 0.000000 0.000000 0.000000
1 1765364864 10.000000 1 10.000000 10.000000 10.000000
2 1765364864 0.000000 1 0.000000 0.000000 0.000000
3 1765364864 0.000000 1 0.000000 0.000000 0.000000
4 1765364864 0.000000 1 0.000000 0.000000 0.000000
1 1765364865 10.000000 1 10.000000 10.000000 10.000000
2 1765364865 0.000000 1 0.000000 0.000000 0.000000
3 1765364865 0.000000 1 0.000000 0.000000 0.000000
4 1765364865 0.000000 1 0.000000 0.000000 0.000000
1 1765364866 10.000000 1 10.000000 10.000000 10.000000
2 1765364866 0.000000 1 0.000000 0.000000 0.000000
3 1765364866 0.000000 1 0.000000 0.000000 0.000000
4 1765364866 0.000000 1 0.000000 0.000000 0.000000
1 1765364867 10.000000 1 10.000000 10.000000 10.000000
2 1765364867 0.000000 1 0.000000 0.000000 0.000000
3 1765364867 0.000000 1 0.000000 0.000000 0.000000
4 1765364867 0.000000 1 0.000000 0.000000 0.000000
1 1765364868 10.000000 1 10.000000 10.000000 10.000000
2 1765364868 0.000000 1 0.000000 0.000000 0.000000
3 1765364868 0.000000 1 0.000000 0.000000 0.000000
4 1765364868 0.000000 1 0.000000 0.000000 0.000000
1 1765364869 10.000000 1 10.000000 10.000000 10.000000
2 1765364869 0.000000 1 0.000000 0.000000 0.000000
3 1765364869 0.000000 1 0.000000 0.000000 0.000000
4 1765364869 0.000000 1 0.000000 0.000000 0.000000
1 1765364870 10.000000 1 10.000000 10.000000 10.000000
2 1765364870 0.000000 1 0.000000 0.000000 0.000000
3 1765364870 0.000000 1 0.000000 0.000000 0.000000
4 1765364870 0.000000 1 0.000000 0.000000 0.000000
1 1765364872 10.000000 1 10.000000 10.000000 10.000000
2 1765364872 0.000000 1 0.000000 0.000000 0.000000
3 1765364872 0.000000 1 0.000000 0.000000 0.000000
4 1765364872 0.000000 1 0.000000 0.000000 0.000000
1 1765364872 10.000000 1 10.000000 10.000000 10.000000
2 1765364872 0.000000 1 0.000000 0.000000 0.000000
3 1765364872 0.000000 1 0.000000 0.000000 0.000000
4 1765364872 0.000000 1 0.000000 0.000000 0.000000
1 1765364873 10.000000 1 10.000000 10.000000 10.000000
2 1765364873 0.000000 1 0.000000 0.000000 0.000000
3 1765364873 0.000000 1 0.000000 0.000000 0.000000
4 1765364873 0.000000 1 0.000000 0.000000 0.000000
1 1765364874 10.000000 1 10.000000 10.000000 10.000000
2 1765364874 0.000000 1 0.000000 0.000000 0.000000
3 1765364874 0.000000 1 0.000000 0.000000 0.000000
4 1765364874 0.000000 1 0.000000 0.000000 0.000000
1 1765364875 10.000000 1 10.000000 10.000000 10.000000
2 1765364875 0.000000 1 0.000000 0.000000 0.000000
3 1765364875 0.000000 1 0.000000 0.000000 0.000000
4 1765364875 0.000000 1 0.000000 0.000000 0.000000
1 1765364876 10.000000 1 10.000000 10.000000 10.000000
2 1765364876 0.000000 1 0.000000 0.000000 0.000000
3 1765364876 0.000000 1 0.000000 0.000000 0.000000
4 1765364876 0.000000 1 0.000000 0.000000 0.000000
1 1765364877 10.000000 1 10.000000 10.000000 10.000000
2 1765364877 0.000000 1 0.000000 0.000000 0.000000
3 1765364877 0.000000 1 0.000000 0.000000 0.000000
4 1765364877 0.000000 1 0.000000 0.000000 0.000000
1 1765364879 10.000000 1 10.000000 10.000000 10.000000
2 1765364879 0.000000 1 0.000000 0.000000 0.000000
3 1765364879 0.000000 1 0.000000 0.000000 0.000000
4 1765364879 0.000000 1 0.000000 0.000000 0.000000
1 1765364880 10.000000 1 10.000000 10.000000 10.000000
2 1765364880 0.000000 1 0.000000 0.000000 0.000000
3 1765364880 0.000000 1 0.000000 0.000000 0.000000
4 1765364880 0.000000 1 0.000000 0.000000 0.000000
1 1765364881 10.000000 1 10.000000 10.000000 10.000000
2 1765364881 0.000000 1 0.000000 0.000000 0.000000
3 1765364881 0.000000 1 0.000000 0.000000 0.000000
4 1765364881 0.000000 1 0.000000 0.000000 0.000000
1 1765364882 10.000000 1 10.000000 10.000000 10.000000
2 1765364882 0.000000 1 0.000000 0.000000 0.000000
3 1765364882 0.000000 1 0.000000 0.000000 0.000000
4 1765364882 0.000000 1 0.000000 0.000000 0.000000
1 1765364883 10.000000 1 10.000000 10.000000 10.000000
2 1765364883 0.000000 1 0.000000 0.000000 0.000000
3 1765364883 0.000000 1 0.000000 0.000000 0.000000
4 1765364883 0.000000 1 0.000000 0.000000 0.000000
1 1765364884 10.000000 1 10.000000 10.000000 10.000000
2 1765364884 0.000000 1 0.000000 0.000000 0.000000
3 1765364884 0.000000 1 0.000000 0.000000 0.000000
4 1765364884 0.000000 1 0.000000 0.000000 0.000000
1 1765364885 10.000000 1 10.000000 10.000000 10.000000
2 1765364885 0.000000 1 0.000000 0.000000 0.000000
3 1765364885 0.000000 1 0.000000 0.000000 0.000000
4 1765364885 0.000000 1 0.000000 0.000000 0.000000
1 1765364886 10.000000 1 10.000000 10.000000 10.000000
2 1765364886 0.000000 1 0.000000 0.000000 0.000000
3 1765364886 0.000000 1 0.000000 0.000000 0.000000
4 1765364886 0.000000 1 0.000000 0.000000 0.000000
1 1765364887 10.000000 1 10.000000 10.000000 10.000000
2 1765364887 0.000000 1 0.000000 0.000000 0.000000
3 1765364887 0.000000 1 0.000000 0.000000 0.000000
4 1765364887 0.000000 1 0.000000 0.000000 0.000000
1 1765364888 10.000000 1 10.000000 10.000000 10.000000
2 1765364888 0.000000 1 0.000000 0.000000 0.000000
3 1765364888 0.000000 1 0.000000 0.000000 0.000000
4 1765364888 0.000000 1 0.000000 0.000000 0.000000
1 1765364889 10.000000 1 10.000000 10.000000 10.000000
2 1765364889 0.000000 1 0.000000 0.000000 0.000000
3 1765364889 0.000000 1 0.000000 0.000000 0.000000
4 1765364889 0.000000 1 0.000000 0.000000 0.000000
1 1765364890 10.000000 1 10.000000 10.000000 10.000000
2 1765364890 0.000000 1 0.000000 0.000000 0.000000
3 1765364890 0.000000 1 0.000000 0.000000 0.000000
4 1765364890 0.000000 1 0.000000 0.000000 0.000000
1 1765364891 10.000000 1 10.000000 10.000000 10.000000
2 1765364891 0.000000 1 0.000000 0.000000 0.000000
3 1765364891 0.000000 1 0.000000 0.000000 0.000000
4 1765364891 0.000000 1 0.000000 0.000000 0.000000
1 1765364892 10.000000 1 10.000000 10.000000 10.000000
2 1765364892 0.000000 1 0.000000 0.000000 0.000000
3 1765364892 0.000000 1 0.000000 0.000000 0.000000
4 1765364892 0.000000 1 0.000000 0.000000 0.000000
1 1765364893 10.000000 1 10.000000 10.000000 10.000000
2 1765364893 0.000000 1 0.000000 0.000000 0.000000
3 1765364893 0.000000 1 0.000000 0.000000 0.000000
4 1765364893 0.000000 1 0.000000 0.000000 0.000000
1 1765364894 10.000000 1 10.000000 10.000000 10.000000
2 1765364894 0.000000 1 0.000000 0.000000 0.000000
3 1765364894 0.000000 1 0.000000 0.000000 0.000000
4 1765364894 0.000000 1 0.000000 0.000000 0.000000
1 1765364895 10.000000 1 10.000000 10.000000 10.000000
2 1765364895 0.000000 1 0.000000 0.000000 0.000000
3 1765364895 0.000000 1 0.000000 0.000000 0.000000
4 1765364895 0.000000 1 0.000000 0.000000 0.000000
1 1765364896 10.000000 1 10.000000 10.000000 10.000000
2 1765364896 0.000000 1 0.000000 0.000000 0.000000
3 1765364896 0.000000 1 0.000000 0.000000 0.000000
4 1765364896 0.000000 1 0.000000 0.000000 0.000000
1 1765364897 10.000000 1 10.000000 10.000000 10.000000
2 1765364897 0.000000 1 0.000000 0.000000 0.000000
3 1765364897 0.000000 1 0.000000 0.000000 0.000000
4 1765364897 0.000000 1 0.000000 0.000000 0.000000
1 1765364898 10.000000 1 10.000000 10.000000 10.000000
2 1765364898 0.000000 1 0.000000 0.000000 0.000000
3 1765364898 0.000000 1 0.000000 0.000000 0.000000
4 1765364898 0.000000 1 0.000000 0.000000 0.000000
1 1765364899 10.000000 1 10.000000 10.000000 10.000000
2 1765364899 0.000000 1 0.000000 0.000000 0.000000
3 1765364899 0.000000 1 0.000000 0.000000 0.000000
4 1765364899 0.000000 1 0.000000 0.000000 0.000000
1 1765364900 10.000000 1 10.000000 10.000000 10.000000
2 1765364900 0.000000 1 0.000000 0.000000 0.000000
3 1765364900 0.000000 1 0.000000 0.000000 0.000000
4 1765364900 0.000000 1 0.000000 0.000000 0.000000
1 1765364901 10.000000 1 10.000000 10.000000 10.000000
2 1765364901 0.000000 1 0.000000 0.000000 0.000000
3 1765364901 0.000000 1 0.000000 0.000000 0.000000
4 1765364901 0.000000 1 0.000000 0.000000 0.000000
1 1765364902 10.000000 1 10.000000 10.000000 10.000000
2 1765364902 0.000000 1 0.000000 0.000000 0.000000
3 1765364902 0.000000 1 0.000000 0.000000 0.000000
4 1765364902 0.000000 1 0.000000 0.000000 0.000000
1 1765364903 10.000000 1 10.000000 10.000000 10.000000
2 1765364903 0.000000 1 0.000000 0.000000 0.000000
3 1765364903 0.000000 1 0.000000 0.000000 0.000000
4 1765364903 0.000000 1 0.000000 0.000000 0.000000
1 1765364904 10.000000 1 10.000000 10.000000 10.000000
2 1765364904 0.000000 1 0.000000 0.000000 0.000000
3 1765364904 0.000000 1 0.000000 0.000000 0.000000
4 1765364904 0.000000 1 0.000000 0.000000 0.000000
1 1765364905 10.000000 1 10.000000 10.000000 10.000000
2 1765364905 0.000000 1 0.000000 0.000000 0.000000
3 1765364905 0.000000 1 0.000000 0.000000 0.000000
4 1765364905 0.000000 1 0.000000 0.000000 0.000000
1 1765364906 10.000000 1 10.000000 10.000000 10.000000
2 1765364906 0.000000 1 0.000000 0.000000 0.000000
3 1765364906 0.000000 1 0.000000 0.000000 0.000000
4 1765364906 0.000000 1 0.000000 0.000000 0.000000
1 1765364907 10.000000 1 10.000000 10.000000 10.000000
2 1765364907 0.000000 1 0.000000 0.000000 0.000000
3 1765364907 0.000000 1 0.000000 0.000000 0.000000
4 1765364907 0.000000 1 0.000000 0.000000 0.000000
1 1765364908 10.000000 1 10.000000 10.000000 10.000000
2 1765364908 0.000000 1 0.000000 0.000000 0.000000
3 1765364908 0.000000 1 0.000000 0.000000 0.000000
4 1765364908 0.000000 1 0.000000 0.000000 0.000000
1 1765364909 10.000000 1 10.000000 10.000000 10.000000
2 1765364909 0.000000 1 0.000000 0.000000 0.000000
3 1765364909 0.000000 1 0.000000 0.000000 0.000000
4 1765364909 0.000000 1 0.000000 0.000000 0.000000
1 1765364910 10.000000 1 10.000000 10.000000 10.000000
2 1765364910 0.000000 1 0.000000 0.000000 0.000000
3 1765364910 0.000000 1 0.000000 0.000000 0.000000
4 1765364910 0.000000 1 0.000000 0.000000 0.000000
1 1765364911 10.000000 1 10.000000 10.000000 10.000000
2 1765364911 0.000000 1 0.000000 0.000000 0.000000
3 1765364911 0.000000 1 0.000000 0.000000 0.000000
4 1765364911 0.000000 1 0.000000 0.000000 0.000000
1 1765364912 10.000000 1 10.000000 10.000000 10.000000
2 1765364912 0.000000 1 0.000000 0.000000 0.000000
3 1765364912 0.000000 1 0.000000 0.000000 0.000000
4 1765364912 0.000000 1 0.000000 0.000000 0.000000
1 1765364913 10.000000 1 10.000000 10.000000 10.000000
2 1765364913 0.000000 1 0.000000 0.000000 0.000000
3 1765364913 0.000000 1 0.000000 0.000000 0.000000
4 1765364913 0.000000 1 0.000000 0.000000 0.000000
1 1765364914 10.000000 1 10.000000 10.000000 10.000000
2 1765364914 0.000000 1 0.000000 0.000000 0.000000
3 1765364914 0.000000 1 0.000000 0.000000 0.000000
4 1765364914 0.000000 1 0.000000 0.000000 0.000000
1 1765364915 10.000000 1 10.000000 10.000000 10.000000
2 1765364915 0.000000 1 0.000000 0.000000 0.000000
3 1765364915 0.000000 1 0.000000 0.000000 0.000000
4 1765364915 0.000000 1 0.000000 0.000000 0.000000
1 1765364916 10.000000 1 10.000000 10.000000 10.000000
2 1765364916 0.000000 1 0.000000 0.000000 0.000000
3 1765364916 0.000000 1 0.000000 0.000000 0.000000
4 1765364916 0.000000 1 0.000000 0.000000 0.000000
1 1765364917 10.000000 1 10.000000 10.000000 10.000000
2 1765364917 0.000000 1 0.000000 0.000000 0.000000
3 1765364917 0.000000 1 0.000000 0.000000 0.000000
4 1765364917 0.000000 1 0.000000 0.000000 0.000000
1 1765364918 10.000000 1 10.000000 10.000000 10.000000
2 1765364918 0.000000 1 0.000000 0.000000 0.000000
3 1765364918 0.000000 1 0.000000 0.000000 0.000000
4 1765364918 0.000000 1 0.000000 0.000000 0.000000
1 1765364919 10.000000 1 10.000000 10.000000 10.000000
2 1765364919 0.000000 1 0.000000 0.000000 0.000000
3 1765364919 0.000000 1 0.000000 0.000000 0.000000
4 1765364919 0.000000 1 0.000000 0.000000 0.000000
1 1765364920 10.000000 1 10.000000 10.000000 10.000000
2 1765364920 0.000000 1 0.000000 0.000000 0.000000
3 1765364920 0.000000 1 0.000000 0.000000 0.000000
4 1765364920 0.000000 1 0.000000 0.000000 0.000000
1 1765364921 10.000000 1 10.000000 10.000000 10.000000
2 1765364921 0.000000 1 0.000000 0.000000 0.000000
3 1765364921 0.000000 1 0.000000 0.000000 0.000000
4 1765364921 0.000000 1 0.000000 0.000000 0.000000
1 1765364922 10.000000 1 10.000000 10.000000 10.000000
2 1765364922 0.000000 1 0.000000 0.000000 0.000000
3 1765364922 0.000000 1 0.000000 0.000000 0.000000
4 1765364922 0.000000 1 0.000000 0.000000 0.000000
1 1765364923 10.000000 1 10.000000 10.000000 10.000000
2 1765364923 0.000000 1 0.000000 0.000000 0.000000
3 1765364923 0.000000 1 0.000000 0.000000 0.000000
4 1765364923 0.000000 1 0.000000 0.000000 0.000000
1 1765364924 10.000000 1 10.000000 10.000000 10.000000
2 1765364924 0.000000 1 0.000000 0.000000 0.000000
3 1765364924 0.000000 1 0.000000 0.000000 0.000000
4 1765364924 0.000000 1 0.000000 0.000000 0.000000
1 1765364925 10.000000 1 10.000000 10.000000 10.000000
2 1765364925 0.000000 1 0.000000 0.000000 0.000000
3 1765364925 0.000000 1 0.000000 0.000000 0.000000
4 1765364925 0.000000 1 0.000000 0.000000 0.000000
1 1765364926 10.000000 1 10.000000 10.000000 10.000000
2 1765364926 0.000000 1 0.000000 0.000000 0.000000
3 1765364926 0.000000 1 0.000000 0.000000 0.000000
4 1765364926 0.000000 1 0.000000 0.000000 0.000000
1 1765364927 10.000000 1 10.000000 10.000000 10.000000
2 1765364927 0.000000 1 0.000000 0.000000 0.000000
3 1765364927 0.000000 1 0.000000 0.000000 0.000000
4 1765364927 0.000000 1 0.000000 0.000000 0.000000
1 1765364928 10.000000 1 10.000000 10.000000 10.000000
2 1765364928 0.000000 1 0.000000 0.000000 0.000000
3 1765364928 0.000000 1 0.000000 0.000000 0.000000
4 1765364928 0.000000 1 0.000000 0.000000 0.000000
1 1765364929 10.000000 1 10.000000 10.000000 10.000000
2 1765364929 0.000000 1 0.000000 0.000000 0.000000
3 1765364929 0.000000 1 0.000000 0.000000 0.000000
4 1765364929 0.000000 1 0.000000 0.000000 0.000000
1 1765364930 10.000000 1 10.000000 10.000000 10.000000
2 1765364930 0.000000 1 0.000000 0.000000 0.000000
3 1765364930 0.000000 1 0.000000 0.000000 0.000000
4 1765364930 0.000000 1 0.000000 0.000000 0.000000
1 1765364931 10.000000 1 10.000000 10.000000 10.000000
2 1765364931 0.000000 1 0.000000 0.000000 0.000000
3 1765364931 0.000000 1 0.000000 0.000000 0.000000
4 1765364931 0.000000 1 0.000000 0.000000 0.000000
1 1765364932 10.000000 1 10.000000 10.000000 10.000000
2 1765364932 0.000000 1 0.000000 0.000000 0.000000
3 1765364932 0.000000 1 0.000000 0.000000 0.000000
4 1765364932 0.000000 1 0.000000 0.000000 0.000000
1 1765364933 10.000000 1 10.000000 10.000000 10.000000
2 1765364933 0.000000 1 0.000000 0.000000 0.000000
3 1765364933 0.000000 1 0.000000 0.000000 0.000000
4 1765364933 0.000000 1 0.000000 0.000000 0.000000
1 1765364934 10.000000 1 10.000000 10.000000 10.000000
2 1765364934 0.000000 1 0.000000 0.000000 0.000000
3 1765364934 0.000000 1 0.000000 0.000000 0.000000
4 1765364934 0.000000 1 0.000000 0.000000 0.000000
1 1765364935 10.000000 1 10.000000 10.000000 10.000000
2 1765364935 0.000000 1 0.000000 0.000000 0.000000
3 1765364935 0.000000 1 0.000000 0.000000 0.000000
4 1765364935 0.000000 1 0.000000 0.000000 0.000000
1 1765364936 10.000000 1 10.000000 10.000000 10.000000
2 1765364936 0.000000 1 0.000000 0.000000 0.000000
3 1765364936 0.000000 1 0.000000 0.000000 0.000000
4 1765364936 0.000000 1 0.000000 0.000000 0.000000
1 1765364937 10.000000 1 10.000000 10.000000 10.000000
2 1765364937 0.000000 1 0.000000 0.000000 0.000000
3 1765364937 0.000000 1 0.000000 0.000000 0.000000
4 1765364937 0.000000 1 0.000000 0.000000 0.000000
1 1765364938 10.000000 1 10.000000 10.000000 10.000000
2 1765364938 0.000000 1 0.000000 0.000000 0.000000
3 1765364938 0.000000 1 0.000000 0.000000 0.000000
4 1765364938 0.000000 1 0.000000 0.000000 0.000000
1 1765364939 10.000000 1 10.000000 10.000000 10.000000
2 1765364939 0.000000 1 0.000000 0.000000 0.000000
3 1765364939 0.000000 1 0.000000 0.000000 0.000000
4 1765364939 0.000000 1 0.000000 0.000000 0.000000
1 1765364940 10.000000 1 10.000000 10.000000 10.000000
2 1765364940 0.000000 1 0.000000 0.000000 0.000000
3 1765364940 0.000000 1 0.000000 0.000000 0.000000
4 1765364940 0.000000 1 0.000000 0.000000 0.000000
1 1765364941 10.000000 1 10.000000 10.000000 10.000000
2 1765364941 0.000000 1 0.000000 0.000000 0.000000
3 1765364941 0.000000 1 0.000000 0.000000 0.000000
4 1765364941 0.000000 1 0.000000 0.000000 0.000000
1 1765364942 10.000000 1 10.000000 10.000000 10.000000
2 1765364942 0.000000 1 0.000000 0.000000 0.000000
3 1765364942 0.000000 1 0.000000 0.000000 0.000000
4 1765364942 0.000000 1 0.000000 0.000000 0.000000
1 1765364944 10.000000 1 10.000000 10.000000 10.000000
2 1765364944 0.000000 1 0.000000 0.000000 0.000000
3 1765364944 0.000000 1 0.000000 0.000000 0.000000
4 1765364944 0.000000 1 0.000000 0.000000 0.000000
1 1765364945 10.000000 1 10.000000 10.000000 10.000000
2 1765364945 0.000000 1 0.000000 0.000000 0.000000
3 1765364945 0.000000 1 0.000000 0.000000 0.000000
4 1765364945 0.000000 1 0.000000 0.000000 0.000000
1 1765364946 10.000000 1 10.000000 10.000000 10.000000
2 1765364946 0.000000 1 0.000000 0.000000 0.000000
3 1765364946 0.000000 1 0.000000 0.000000 0.000000
4 1765364946 0.000000 1 0.000000 0.000000 0.000000
1 1765364947 10.000000 1 10.000000 10.000000 10.000000
2 1765364947 0.000000 1 0.000000 0.000000 0.000000
3 1765364947 0.000000 1 0.000000 0.000000 0.000000
4 1765364947 0.000000 1 0.000000 0.000000 0.000000
1 1765364948 10.000000 1 10.000000 10.000000 10.000000
2 1765364948 0.000000 1 0.000000 0.000000 0.000000
3 1765364948 0.000000 1 0.000000 0.000000 0.000000
4 1765364948 0.000000 1 0.000000 0.000000 0.000000
1 1765364949 10.000000 1 10.000000 10.000000 10.000000
2 1765364949 0.000000 1 0.000000 0.000000 0.000000
3 1765364949 0.000000 1 0.000000 0.000000 0.000000
4 1765364949 0.000000 1 0.000000 0.000000 0.000000
1 1765364950 10.000000 1 10.000000 10.000000 10.000000
2 1765364950 0.000000 1 0.000000 0.000000 0.000000
3 1765364950 0.000000 1 0.000000 0.000000 0.000000
4 1765364950 0.000000 1 0.000000 0.000000 0.000000
1 1765364951 10.000000 1 10.000000 10.000000 10.000000
2 1765364951 0.000000 1 0.000000 0.000000 0.000000
3 1765364951 0.000000 1 0.000000 0.000000 0.000000
4 1765364951 0.000000 1 0.000000 0.000000 0.000000
1 1765364952 10.000000 1 10.000000 10.000000 10.000000
2 1765364952 0.000000 1 0.000000 0.000000 0.000000
3 1765364952 0.000000 1 0.000000 0.000000 0.000000
4 1765364952 0.000000 1 0.000000 0.000000 0.000000
1 1765364953 10.000000 1 10.000000 10.000000 10.000000
2 1765364953 0.000000 1 0.000000 0.000000 0.000000
3 1765364953 0.000000 1 0.000000 0.000000 0.000000
4 1765364953 0.000000 1 0.000000 0.000000 0.000000
1 1765364954 10.000000 1 10.000000 10.000000 10.000000
2 1765364954 0.000000 1 0.000000 0.000000 0.000000
3 1765364954 0.000000 1 0.000000 0.000000 0.000000
4 1765364954 0.000000 1 0.000000 0.000000 0.000000
1 1765364955 10.000000 1 10.000000 10.000000 10.000000
2 1765364955 0.000000 1 0.000000 0.000000 0.000000
3 1765364955 0.000000 1 0.000000 0.000000 0.000000
4 1765364955 0.000000 1 0.000000 0.000000 0.000000
1 1765364956 10.000000 1 10.000000 10.000000 10.000000
2 1765364956 0.000000 1 0.000000 0.000000 0.000000
3 1765364956 0.000000 1 0.000000 0.000000 0.000000
4 1765364956 0.000000 1 0.000000 0.000000 0.000000
1 1765364957 10.000000 1 10.000000 10.000000 10.000000
2 1765364957 0.000000 1 0.000000 0.000000 0.000000
3 1765364957 0.000000 1 0.000000 0.000000 0.000000
4 1765364957 0.000000 1 0.000000 0.000000 0.000000
1 1765364958 10.000000 1 10.000000 10.000000 10.000000
2 1765364958 0.000000 1 0.000000 0.000000 0.000000
3 1765364958 0.000000 1 0.000000 0.000000 0.000000
4 1765364958 0.000000 1 0.000000 0.000000 0.000000
1 1765364959 10.000000 1 10.000000 10.000000 10.000000
2 1765364959 0.000000 1 0.000000 0.000000 0.000000
3 1765364959 0.000000 1 0.000000 0.000000 0.000000
4 1765364959 0.000000 1 0.000000 0.000000 0.000000
1 1765364960 10.000000 1 10.000000 10.000000 10.000000
2 1765364960 0.000000 1 0.000000 0.000000 0.000000
3 1765364960 0.000000 1 0.000000 0.000000 0.000000
4 1765364960 0.000000 1 0.000000 0.000000 0.000000
1 1765364961 10.000000 1 10.000000 10.000000 10.000000
2 1765364961 0.000000 1 0.000000 0.000000 0.000000
3 1765364961 0.000000 1 0.000000 0.000000 0.000000
4 1765364961 0.000000 1 0.000000 0.000000 0.000000
1 1765364962 10.000000 1 10.000000 10.000000 10.000000
2 1765364962 0.000000 1 0.000000 0.000000 0.000000
3 1765364962 0.000000 1 0.000000 0.000000 0.000000
4 1765364962 0.000000 1 0.000000 0.000000 0.000000
1 1765364963 10.000000 1 10.000000 10.000000 10.000000
2 1765364963 0.000000 1 0.000000 0.000000 0.000000
3 1765364963 0.000000 1 0.000000 0.000000 0.000000
4 1765364963 0.000000 1 0.000000 0.000000 0.000000
1 1765364964 10.000000 1 10.000000 10.000000 10.000000
2 1765364964 0.000000 1 0.000000 0.000000 0.000000
3 1765364964 0.000000 1 0.000000 0.000000 0.000000
4 1765364964 0.000000 1 0.000000 0.000000 0.000000
1 1765364965 10.000000 1 10.000000 10.000000 10.000000
2 1765364965 0.000000 1 0.000000 0.000000 0.000000
3 1765364965 0.000000 1 0.000000 0.000000 0.000000
4 1765364965 0.000000 1 0.000000 0.000000 0.000000
1 1765364966 10.000000 1 10.000000 10.000000 10.000000
2 1765364966 0.000000 1 0.000000 0.000000 0.000000
3 1765364966 0.000000 1 0.000000 0.000000 0.000000
4 1765364966 0.000000 1 0.000000 0.000000 0.000000
1 1765364967 10.000000 1 10.000000 10.000000 10.000000
2 1765364967 0.000000 1 0.000000 0.000000 0.000000
3 1765364967 0.000000 1 0.000000 0.000000 0.000000
4 1765364967 0.000000 1 0.000000 0.000000 0.000000
1 1765364968 10.000000 1 10.000000 10.000000 10.000000
2 1765364968 0.000000 1 0.000000 0.000000 0.000000
3 1765364968 0.000000 1 0.000000 0.000000 0.000000
4 1765364968 0.000000 1 0.000000 0.000000 0.000000
1 1765364969 10.000000 1 10.000000 10.000000 10.000000
2 1765364969 0.000000 1 0.000000 0.000000 0.000000
3 1765364969 0.000000 1 0.000000 0.000000 0.000000
4 1765364969 0.000000 1 0.000000 0.000000 0.000000
1 1765364970 10.000000 1 10.000000 10.000000 10.000000
2 1765364970 0.000000 1 0.000000 0.000000 0.000000
3 1765364970 0.000000 1 0.000000 0.000000 0.000000
4 1765364970 0.000000 1 0.000000 0.000000 0.000000
1 1765364971 10.000000 1 10.000000 10.000000 10.000000
2 1765364971 0.000000 1 0.000000 0.000000 0.000000
3 1765364971 0.000000 1 0.000000 0.000000 0.000000
4 1765364971 0.000000 1 0.000000 0.000000 0.000000
1 1765364972 10.000000 1 10.000000 10.000000 10.000000
2 1765364972 0.000000 1 0.000000 0.000000 0.000000
3 1765364972 0.000000 1 0.000000 0.000000 0.000000
4 1765364972 0.000000 1 0.000000 0.000000 0.000000
1 1765364973 10.000000 1 10.000000 10.000000 10.000000
2 1765364973 0.000000 1 0.000000 0.000000 0.000000
3 1765364973 0.000000 1 0.000000 0.000000 0.000000
4 1765364973 0.000000 1 0.000000 0.000000 0.000000
1 1765364974 10.000000 1 10.000000 10.000000 10.000000
2 1765364974 0.000000 1 0.000000 0.000000 0.000000
3 1765364974 0.000000 1 0.000000 0.000000 0.000000
4 1765364974 0.000000 1 0.000000 0.000000 0.000000
1 1765364975 10.000000 1 10.000000 10.000000 10.000000
2 1765364975 0.000000 1 0.000000 0.000000 0.000000
3 1765364975 0.000000 1 0.000000 0.000000 0.000000
4 1765364975 0.000000 1 0.000000 0.000000 0.000000
1 1765364976 10.000000 1 10.000000 10.000000 10.000000
2 1765364976 0.000000 1 0.000000 0.000000 0.000000
3 1765364976 0.000000 1 0.000000 0.000000 0.000000
4 1765364976 0.000000 1 0.000000 0.000000 0.000000
1 1765364977 10.000000 1 10.000000 10.000000 10.000000
2 1765364977 0.000000 1 0.000000 0.000000 0.000000
3 1765364977 0.000000 1 0.000000 0.000000 0.000000
4 1765364977 0.000000 1 0.000000 0.000000 0.000000
1 1765364978 10.000000 1 10.000000 10.000000 10.000000
2 1765364978 0.000000 1 0.000000 0.000000 0.000000
3 1765364978 0.000000 1 0.000000 0.000000 0.000000
4 1765364978 0.000000 1 0.000000 0.000000 0.000000
1 1765364979 10.000000 1 10.000000 10.000000 10.000000
2 1765364979 0.000000 1 0.000000 0.000000 0.000000
3 1765364979 0.000000 1 0.000000 0.000000 0.000000
4 1765364979 0.000000 1 0.000000 0.000000 0.000000
1 1765364980 10.000000 1 10.000000 10.000000 10.000000
2 1765364980 0.000000 1 0.000000 0.000000 0.000000
3 1765364980 0.000000 1 0.000000 0.000000 0.000000
4 1765364980 0.000000 1 0.000000 0.000000 0.000000
1 1765364981 10.000000 1 10.000000 10.000000 10.000000
2 1765364981 0.000000 1 0.000000 0.000000 0.000000
3 1765364981 0.000000 1 0.000000 0.000000 0.000000
4 1765364981 0.000000 1 0.000000 0.000000 0.000000
1 1765364982 10.000000 1 10.000000 10.000000 10.000000
2 1765364982 0.000000 1 0.000000 0.000000 0.000000
3 1765364982 0.000000 1 0.000000 0.000000 0.000000
4 1765364982 0.000000 1 0.000000 0.000000 0.000000
1 1765364983 10.000000 1 10.000000 10.000000 10.000000
2 1765364983 0.000000 1 0.000000 0.000000 0.000000
3 1765364983 0.000000 1 0.000000 0.000000 0.000000
4 1765364983 0.000000 1 0.000000 0.000000 0.000000
1 1765364984 10.000000 1 10.000000 10.000000 10.000000
2 1765364984 0.000000 1 0.000000 0.000000 0.000000
3 1765364984 0.000000 1 0.000000 0.000000 0.000000
4 1765364984 0.000000 1 0.000000 0.000000 0.000000
1 1765364985 10.000000 1 10.000000 10.000000 10.000000
2 1765364985 0.000000 1 0.000000 0.000000 0.000000
3 1765364985 0.000000 1 0.000000 0.000000 0.000000
4 1765364985 0.000000 1 0.000000 0.000000 0.000000
1 1765364986 10.000000 1 10.000000 10.000000 10.000000
2 1765364986 0.000000 1 0.000000 0.000000 0.000000
3 1765364986 0.000000 1 0.000000 0.000000 0.000000
4 1765364986 0.000000 1 0.000000 0.000000 0.000000
1 1765364987 10.000000 1 10.000000 10.000000 10.000000
2 1765364987 0.000000 1 0.000000 0.000000 0.000000
3 1765364987 0.000000 1 0.000000 0.000000 0.000000
4 1765364987 0.000000 1 0.000000 0.000000 0.000000
1 1765364988 10.000000 1 10.000000 10.000000 10.000000
2 1765364988 0.000000 1 0.000000 0.000000 0.000000
3 1765364988 0.000000 1 0.000000 0.000000 0.000000
4 1765364988 0.000000 1 0.000000 0.000000 0.000000
1 1765364989 10.000000 1 10.000000 10.000000 10.000000
2 1765364989 0.000000 1 0.000000 0.000000 0.000000
3 1765364989 0.000000 1 0.000000 0.000000 0.000000
4 1765364989 0.000000 1 0.000000 0.000000 0.000000
1 1765364990 10.000000 1 10.000000 10.000000 10.000000
2 1765364990 0.000000 1 0.000000 0.000000 0.000000
3 1765364990 0.000000 1 0.000000 0.000000 0.000000
4 1765364990 0.000000 1 0.000000 0.000000 0.000000
1 1765364991 10.000000 1 10.000000 10.000000 10.000000
2 1765364991 0.000000 1 0.000000 0.000000 0.000000
3 1765364991 0.000000 1 0.000000 0.000000 0.000000
4 1765364991 0.000000 1 0.000000 0.000000 0.000000
1 1765364992 10.000000 1 10.000000 10.000000 10.000000
2 1765364992 0.000000 1 0.000000 0.000000 0.000000
3 1765364992 0.000000 1 0.000000 0.000000 0.000000
4 1765364992 0.000000 1 0.000000 0.000000 0.000000
1 1765364993 10.000000 1 10.000000 10.000000 10.000000
2 1765364993 0.000000 1 0.000000 0.000000 0.000000
3 1765364993 0.000000 1 0.000000 0.000000 0.000000
4 1765364993 0.000000 1 0.000000 0.000000 0.000000
1 1765364994 10.000000 1 10.000000 10.000000 10.000000
2 1765364994 0.000000 1 0.000000 0.000000 0.000000
3 1765364994 0.000000 1 0.000000 0.000000 0.000000
4 1765364994 0.000000 1 0.000000 0.000000 0.000000
1 1765364995 10.000000 1 10.000000 10.000000 10.000000
2 1765364995 0.000000 1 0.000000 0.000000 0.000000
3 1765364995 0.000000 1 0.000000 0.000000 0.000000
4 1765364995 0.000000 1 0.000000 0.000000 0.000000
1 1765364996 10.000000 1 10.000000 10.000000 10.000000
2 1765364996 0.000000 1 0.000000 0.000000 0.000000
3 1765364996 0.000000 1 0.000000 0.000000 0.000000
4 1765364996 0.000000 1 0.000000 0.000000 0.000000
1 1765364997 10.000000 1 10.000000 10.000000 10.000000
2 1765364997 0.000000 1 0.000000 0.000000 0.000000
3 1765364997 0.000000 1 0.000000 0.000000 0.000000
4 1765364997 0.000000 1 0.000000 0.000000 0.000000
1 1765364998 10.000000 1 10.000000 10.000000 10.000000
2 1765364998 0.000000 1 0.000000 0.000000 0.000000
3 1765364998 0.000000 1 0.000000 0.000000 0.000000
4 1765364998 0.000000 1 0.000000 0.000000 0.000000
1 1765364999 10.000000 1 10.000000 10.000000 10.000000
2 1765364999 0.000000 1 0.000000 0.000000 0.000000
3 1765364999 0.000000 1 0.000000 0.000000 0.000000
4 1765364999 0.000000 1 0.000000 0.000000 0.000000
1 1765365000 10.000000 1 10.000000 10.000000 10.000000
2 1765365000 0.000000 1 0.000000 0.000000 0.000000
3 1765365000 0.000000 1 0.000000 0.000000 0.000000
4 1765365000 0.000000 1 0.000000 0.000000 0.000000
1 1765365001 10.000000 1 10.000000 10.000000 10.000000
2 1765365001 0.000000 1 0.000000 0.000000 0.000000
3 1765365001 0.000000 1 0.000000 0.000000 0.000000
4 1765365001 0.000000 1 0.000000 0.000000 0.000000
1 1765365002 10.000000 1 10.000000 10.000000 10.000000
2 1765365002 0.000000 1 0.000000 0.000000 0.000000
3 1765365002 0.000000 1 0.000000 0.000000 0.000000
4 1765365002 0.000000 1 0.000000 0.000000 0.000000
1 1765365003 10.000000 1 10.000000 10.000000 10.000000
2 1765365003 0.000000 1 0.000000 0.000000 0.000000
3 1765365003 0.000000 1 0.000000 0.000000 0.000000
4 1765365003 0.000000 1 0.000000 0.000000 0.000000
1 1765365004 10.000000 1 10.000000 10.000000 10.000000
2 1765365004 0.000000 1 0.000000 0.000000 0.000000
3 1765365004 0.000000 1 0.000000 0.000000 0.000000
4 1765365004 0.000000 1 0.000000 0.000000 0.000000
1 1765365005 10.000000 1 10.000000 10.000000 10.000000
2 1765365005 0.000000 1 0.000000 0.000000 0.000000
3 1765365005 0.000000 1 0.000000 0.000000 0.000000
4 1765365005 0.000000 1 0.000000 0.000000 0.000000
1 1765365006 10.000000 1 10.000000 10.000000 10.000000
2 1765365006 0.000000 1 0.000000 0.000000 0.000000
3 1765365006 0.000000 1 0.000000 0.000000 0.000000
4 1765365006 0.000000 1 0.000000 0.000000 0.000000
1 1765365007 10.000000 1 10.000000 10.000000 10.000000
2 1765365007 0.000000 1 0.000000 0.000000 0.000000
3 1765365007 0.000000 1 0.000000 0.000000 0.000000
4 1765365007 0.000000 1 0.000000 0.000000 0.000000
1 1765365009 10.000000 1 10.000000 10.000000 10.000000
2 1765365009 0.000000 1 0.000000 0.000000 0.000000
3 1765365009 0.000000 1 0.000000 0.000000 0.000000
4 1765365009 0.000000 1 0.000000 0.000000 0.000000
1 1765365010 10.000000 1 10.000000 10.000000 10.000000
2 1765365010 0.000000 1 0.000000 0.000000 0.000000
3 1765365010 0.000000 1 0.000000 0.000000 0.000000
4 1765365010 0.000000 1 0.000000 0.000000 0.000000
1 1765365011 10.000000 1 10.000000 10.000000 10.000000
2 1765365011 0.000000 1 0.000000 0.000000 0.000000
3 1765365011 0.000000 1 0.000000 0.000000 0.000000
4 1765365011 0.000000 1 0.000000 0.000000 0.000000
1 1765365012 10.000000 1 10.000000 10.000000 10.000000
2 1765365012 0.000000 1 0.000000 0.000000 0.000000
3 1765365012 0.000000 1 0.000000 0.000000 0.000000
4 1765365012 0.000000 1 0.000000 0.000000 0.000000
1 1765365013 10.000000 1 10.000000 10.000000 10.000000
2 1765365013 0.000000 1 0.000000 0.000000 0.000000
3 1765365013 0.000000 1 0.000000 0.000000 0.000000
4 1765365013 0.000000 1 0.000000 0.000000 0.000000
1 1765365014 10.000000 1 10.000000 10.000000 10.000000
2 1765365014 0.000000 1 0.000000 0.000000 0.000000
3 1765365014 0.000000 1 0.000000 0.000000 0.000000
4 1765365014 0.000000 1 0.000000 0.000000 0.000000
1 1765365015 10.000000 1 10.000000 10.000000 10.000000
2 1765365015 0.000000 1 0.000000 0.000000 0.000000
3 1765365015 0.000000 1 0.000000 0.000000 0.000000
4 1765365015 0.000000 1 0.000000 0.000000 0.000000
1 1765365016 10.000000 1 10.000000 10.000000 10.000000
2 1765365016 0.000000 1 0.000000 0.000000 0.000000
3 1765365016 0.000000 1 0.000000 0.000000 0.000000
4 1765365016 0.000000 1 0.000000 0.000000 0.000000
1 1765365017 10.000000 1 10.000000 10.000000 10.000000
2 1765365017 0.000000 1 0.000000 0.000000 0.000000
3 1765365017 0.000000 1 0.000000 0.000000 0.000000
4 1765365017 0.000000 1 0.000000 0.000000 0.000000
1 1765365018 10.000000 1 10.000000 10.000000 10.000000
2 1765365018 0.000000 1 0.000000 0.000000 0.000000
3 1765365018 0.000000 1 0.000000 0.000000 0.000000
4 1765365018 0.000000 1 0.000000 0.000000 0.000000
1 1765365019 10.000000 1 10.000000 10.000000 10.000000
2 1765365019 0.000000 1 0.000000 0.000000 0.000000
3 1765365019 0.000000 1 0.000000 0.000000 0.000000
4 1765365019 0.000000 1 0.000000 0.000000 0.000000
1 1765365020 10.000000 1 10.000000 10.000000 10.000000
2 1765365020 0.000000 1 0.000000 0.000000 0.000000
3 1765365020 0.000000 1 0.000000 0.000000 0.000000
4 1765365020 0.000000 1 0.000000 0.000000 0.000000
1 1765365021 10.000000 1 10.000000 10.000000 10.000000
2 1765365021 0.000000 1 0.000000 0.000000 0.000000
3 1765365021 0.000000 1 0.000000 0.000000 0.000000
4 1765365021 0.000000 1 0.000000 0.000000 0.000000
1 1765365022 10.000000 1 10.000000 10.000000 10.000000
2 1765365022 0.000000 1 0.000000 0.000000 0.000000
3 1765365022 0.000000 1 0.000000 0.000000 0.000000
4 1765365022 0.000000 1 0.000000 0.000000 0.000000
1 1765365023 10.000000 1 10.000000 10.000000 10.000000
2 1765365023 0.000000 1 0.000000 0.000000 0.000000
3 1765365023 0.000000 1 0.000000 0.000000 0.000000
4 1765365023 0.000000 1 0.000000 0.000000 0.000000
1 1765365024 10.000000 1 10.000000 10.000000 10.000000
2 1765365024 0.000000 1 0.000000 0.000000 0.000000
3 1765365024 0.000000 1 0.000000 0.000000 0.000000
4 1765365024 0.000000 1 0.000000 0.000000 0.000000
1 1765365025 10.000000 1 10.000000 10.000000 10.000000
2 1765365025 0.000000 1 0.000000 0.000000 0.000000
3 1765365025 0.000000 1 0.000000 0.000000 0.000000
4 1765365025 0.000000 1 0.000000 0.000000 0.000000
1 1765365026 10.000000 1 10.000000 10.000000 10.000000
2 1765365026 0.000000 1 0.000000 0.000000 0.000000
3 1765365026 0.000000 1 0.000000 0.000000 0.000000
4 1765365026 0.000000 1 0.000000 0.000000 0.000000
1 1765365027 10.000000 1 10.000000 10.000000 10.000000
2 1765365027 0.000000 1 0.000000 0.000000 0.000000
3 1765365027 0.000000 1 0.000000 0.000000 0.000000
4 1765365027 0.000000 1 0.000000 0.000000 0.000000
1 1765365028 10.000000 1 10.000000 10.000000 10.000000
2 1765365028 0.000000 1 0.000000 0.000000 0.000000
3 1765365028 0.000000 1 0.000000 0.000000 0.000000
4 1765365028 0.000000 1 0.000000 0.000000 0.000000
1 1765365029 10.000000 1 10.000000 10.000000 10.000000
2 1765365029 0.000000 1 0.000000 0.000000 0.000000
3 1765365029 0.000000 1 0.000000 0.000000 0.000000
4 1765365029 0.000000 1 0.000000 0.000000 0.000000
1 1765365030 10.000000 1 10.000000 10.000000 10.000000
2 1765365030 0.000000 1 0.000000 0.000000 0.000000
3 1765365030 0.000000 1 0.000000 0.000000 0.000000
4 1765365030 0.000000 1 0.000000 0.000000 0.000000
1 1765365031 10.000000 1 10.000000 10.000000 10.000000
2 1765365031 0.000000 1 0.000000 0.000000 0.000000
3 1765365031 0.000000 1 0.000000 0.000000 0.000000
4 1765365031 0.000000 1 0.000000 0.000000 0.000000
1 1765365032 10.000000 1 10.000000 10.000000 10.000000
2 1765365032 0.000000 1 0.000000 0.000000 0.000000
3 1765365032 0.000000 1 0.000000 0.000000 0.000000
4 1765365032 0.000000 1 0.000000 0.000000 0.000000
1 1765365033 10.000000 1 10.000000 10.000000 10.000000
2 1765365033 0.000000 1 0.000000 0.000000 0.000000
3 1765365033 0.000000 1 0.000000 0.000000 0.000000
4 1765365033 0.000000 1 0.000000 0.000000 0.000000
1 1765365034 10.000000 1 10.000000 10.000000 10.000000
2 1765365034 0.000000 1 0.000000 0.000000 0.000000
3 1765365034 0.000000 1 0.000000 0.000000 0.000000
4 1765365034 0.000000 1 0.000000 0.000000 0.000000
1 1765365035 10.000000 1 10.000000 10.000000 10.000000
2 1765365035 0.000000 1 0.000000 0.000000 0.000000
3 1765365035 0.000000 1 0.000000 0.000000 0.000000
4 1765365035 0.000000 1 0.000000 0.000000 0.000000
1 1765365036 10.000000 1 10.000000 10.000000 10.000000
2 1765365036 0.000000 1 0.000000 0.000000 0.000000
3 1765365036 0.000000 1 0.000000 0.000000 0.000000
4 1765365036 0.000000 1 0.000000 0.000000 0.000000
1 1765365037 10.000000 1 10.000000 10.000000 10.000000
2 1765365037 0.000000 1 0.000000 0.000000 0.000000
3 1765365037 0.000000 1 0.000000 0.000000 0.000000
4 1765365037 0.000000 1 0.000000 0.000000 0.000000
1 1765365038 10.000000 1 10.000000 10.000000 10.000000
2 1765365038 0.000000 1 0.000000 0.000000 0.000000
3 1765365038 0.000000 1 0.000000 0.000000 0.000000
4 1765365038 0.000000 1 0.000000 0.000000 0.000000
1 1765365039 10.000000 1 10.000000 10.000000 10.000000
2 1765365039 0.000000 1 0.000000 0.000000 0.000000
3 1765365039 0.000000 1 0.000000 0.000000 0.000000
4 1765365039 0.000000 1 0.000000 0.000000 0.000000
1 1765365040 10.000000 1 10.000000 10.000000 10.000000
2 1765365040 0.000000 1 0.000000 0.000000 0.000000
3 1765365040 0.000000 1 0.000000 0.000000 0.000000
4 1765365040 0.000000 1 0.000000 0.000000 0.000000
1 1765365041 10.000000 1 10.000000 10.000000 10.000000
2 1765365041 0.000000 1 0.000000 0.000000 0.000000
3 1765365041 0.000000 1 0.000000 0.000000 0.000000
4 1765365041 0.000000 1 0.000000 0.000000 0.000000
1 1765365042 10.000000 1 10.000000 10.000000 10.000000
2 1765365042 0.000000 1 0.000000 0.000000 0.000000
3 1765365042 0.000000 1 0.000000 0.000000 0.000000
4 1765365042 0.000000 1 0.000000 0.000000 0.000000
1 1765365043 10.000000 1 10.000000 10.000000 10.000000
2 1765365043 0.000000 1 0.000000 0.000000 0.000000
3 1765365043 0.000000 1 0.000000 0.000000 0.000000
4 1765365043 0.000000 1 0.000000 0.000000 0.000000
1 1765365044 10.000000 1 10.000000 10.000000 10.000000
2 1765365044 0.000000 1 0.000000 0.000000 0.000000
3 1765365044 0.000000 1 0.000000 0.000000 0.000000
4 1765365044 0.000000 1 0.000000 0.000000 0.000000
1 1765365045 10.000000 1 10.000000 10.000000 10.000000
2 1765365045 0.000000 1 0.000000 0.000000 0.000000
3 1765365045 0.000000 1 0.000000 0.000000 0.000000
4 1765365045 0.000000 1 0.000000 0.000000 0.000000
1 1765365046 10.000000 1 10.000000 10.000000 10.000000
2 1765365046 0.000000 1 0.000000 0.000000 0.000000
3 1765365046 0.000000 1 0.000000 0.000000 0.000000
4 1765365046 0.000000 1 0.000000 0.000000 0.000000
1 1765365047 10.000000 1 10.000000 10.000000 10.000000
2 1765365047 0.000000 1 0.000000 0.000000 0.000000
3 1765365047 0.000000 1 0.000000 0.000000 0.000000
4 1765365047 0.000000 1 0.000000 0.000000 0.000000
1 1765365048 10.000000 1 10.000000 10.000000 10.000000
2 1765365048 0.000000 1 0.000000 0.000000 0.000000
3 1765365048 0.000000 1 0.000000 0.000000 0.000000
4 1765365048 0.000000 1 0.000000 0.000000 0.000000
1 1765365049 10.000000 1 10.000000 10.000000 10.000000
2 1765365049 0.000000 1 0.000000 0.000000 0.000000
3 1765365049 0.000000 1 0.000000 0.000000 0.000000
4 1765365049 0.000000 1 0.000000 0.000000 0.000000
1 1765365050 10.000000 1 10.000000 10.000000 10.000000
2 1765365050 0.000000 1 0.000000 0.000000 0.000000
3 1765365050 0.000000 1 0.000000 0.000000 0.000000
4 1765365050 0.000000 1 0.000000 0.000000 0.000000
1 1765365051 10.000000 1 10.000000 10.000000 10.000000
2 1765365051 0.000000 1 0.000000 0.000000 0.000000
3 1765365051 0.000000 1 0.000000 0.000000 0.000000
4 1765365051 0.000000 1 0.000000 0.000000 0.000000
1 1765365052 10.000000 1 10.000000 10.000000 10.000000
2 1765365052 0.000000 1 0.000000 0.000000 0.000000
3 1765365052 0.000000 1 0.000000 0.000000 0.000000
4 1765365052 0.000000 1 0.000000 0.000000 0.000000
1 1765365053 10.000000 1 10.000000 10.000000 10.000000
2 1765365053 0.000000 1 0.000000 0.000000 0.000000
3 1765365053 0.000000 1 0.000000 0.000000 0.000000
4 1765365053 0.000000 1 0.000000 0.000000 0.000000
1 1765365054 10.000000 1 10.000000 10.000000 10.000000
2 1765365054 0.000000 1 0.000000 0.000000 0.000000
3 1765365054 0.000000 1 0.000000 0.000000 0.000000
4 1765365054 0.000000 1 0.000000 0.000000 0.000000
1 1765365055 10.000000 1 10.000000 10.000000 10.000000
2 1765365055 0.000000 1 0.000000 0.000000 0.000000
3 1765365055 0.000000 1 0.000000 0.000000 0.000000
4 1765365055 0.000000 1 0.000000 0.000000 0.000000
1 1765365056 10.000000 1 10.000000 10.000000 10.000000
2 1765365056 0.000000 1 0.000000 0.000000 0.000000
3 1765365056 0.000000 1 0.000000 0.000000 0.000000
4 1765365056 0.000000 1 0.000000 0.000000 0.000000
1 1765365057 10.000000 1 10.000000 10.000000 10.000000
2 1765365057 0.000000 1 0.000000 0.000000 0.000000
3 1765365057 0.000000 1 0.000000 0.000000 0.000000
4 1765365057 0.000000 1 0.000000 0.000000 0.000000
1 1765365058 10.000000 1 10.000000 10.000000 10.000000
2 1765365058 0.000000 1 0.000000 0.000000 0.000000
3 1765365058 0.000000 1 0.000000 0.000000 0.000000
4 1765365058 0.000000 1 0.000000 0.000000 0.000000
1 1765365059 10.000000 1 10.000000 10.000000 10.000000
2 1765365059 0.000000 1 0.000000 0.000000 0.000000
3 1765365059 0.000000 1 0.000000 0.000000 0.000000
4 1765365059 0.000000 1 0.000000 0.000000 0.000000
1 1765365060 10.000000 1 10.000000 10.000000 10.000000
2 1765365060 0.000000 1 0.000000 0.000000 0.000000
3 1765365060 0.000000 1 0.000000 0.000000 0.000000
4 1765365060 0.000000 1 0.000000 0.000000 0.000000
1 1765365061 10.000000 1 10.000000 10.000000 10.000000
2 1765365061 0.000000 1 0.000000 0.000000 0.000000
3 1765365061 0.000000 1 0.000000 0.000000 0.000000
4 1765365061 0.000000 1 0.000000 0.000000 0.000000
1 1765365062 10.000000 1 10.000000 10.000000 10.000000
2 1765365062 0.000000 1 0.000000 0.000000 0.000000
3 1765365062 0.000000 1 0.000000 0.000000 0.000000
4 1765365062 0.000000 1 0.000000 0.000000 0.000000
1 1765365063 10.000000 1 10.000000 10.000000 10.000000
2 1765365063 0.000000 1 0.000000 0.000000 0.000000
3 1765365063 0.000000 1 0.000000 0.000000 0.000000
4 1765365063 0.000000 1 0.000000 0.000000 0.000000
1 1765365064 10.000000 1 10.000000 10.000000 10.000000
2 1765365064 0.000000 1 0.000000 0.000000 0.000000
3 1765365064 0.000000 1 0.000000 0.000000 0.000000
4 1765365064 0.000000 1 0.000000 0.000000 0.000000
1 1765365065 10.000000 1 10.000000 10.000000 10.000000
2 1765365065 0.000000 1 0.000000 0.000000 0.000000
3 1765365065 0.000000 1 0.000000 0.000000 0.000000
4 1765365065 0.000000 1 0.000000 0.000000 0.000000
1 1765365066 10.000000 1 10.000000 10.000000 10.000000
2 1765365066 0.000000 1 0.000000 0.000000 0.000000
3 1765365066 0.000000 1 0.000000 0.000000 0.000000
4 1765365066 0.000000 1 0.000000 0.000000 0.000000
1 1765365067 10.000000 1 10.000000 10.000000 10.000000
2 1765365067 0.000000 1 0.000000 0.000000 0.000000
3 1765365067 0.000000 1 0.000000 0.000000 0.000000
4 1765365067 0.000000 1 0.000000 0.000000 0.000000
1 1765365068 10.000000 1 10.000000 10.000000 10.000000
2 1765365068 0.000000 1 0.000000 0.000000 0.000000
3 1765365068 0.000000 1 0.000000 0.000000 0.000000
4 1765365068 0.000000 1 0.000000 0.000000 0.000000
1 1765365069 10.000000 1 10.000000 10.000000 10.000000
2 1765365069 0.000000 1 0.000000 0.000000 0.000000
3 1765365069 0.000000 1 0.000000 0.000000 0.000000
4 1765365069 0.000000 1 0.000000 0.000000 0.000000
1 1765365070 10.000000 1 10.000000 10.000000 10.000000
2 1765365070 0.000000 1 0.000000 0.000000 0.000000
3 1765365070 0.000000 1 0.000000 0.000000 0.000000
4 1765365070 0.000000 1 0.000000 0.000000 0.000000
1 1765365071 10.000000 1 10.000000 10.000000 10.000000
2 1765365071 0.000000 1 0.000000 0.000000 0.000000
3 1765365071 0.000000 1 0.000000 0.000000 0.000000
4 1765365071 0.000000 1 0.000000 0.000000 0.000000
1 1765365073 10.000000 1 10.000000 10.000000 10.000000
2 1765365073 0.000000 1 0.000000 0.000000 0.000000
3 1765365073 0.000000 1 0.000000 0.000000 0.000000
4 1765365073 0.000000 1 0.000000 0.000000 0.000000
1 1765365074 10.000000 1 10.000000 10.000000 10.000000
2 1765365074 0.000000 1 0.000000 0.000000 0.000000
3 1765365074 0.000000 1 0.000000 0.000000 0.000000
4 1765365074 0.000000 1 0.000000 0.000000 0.000000
1 1765365075 10.000000 1 10.000000 10.000000 10.000000
2 1765365075 0.000000 1 0.000000 0.000000 0.000000
3 1765365075 0.000000 1 0.000000 0.000000 0.000000
4 1765365075 0.000000 1 0.000000 0.000000 0.000000
1 1765365076 10.000000 1 10.000000 10.000000 10.000000
2 1765365076 0.000000 1 0.000000 0.000000 0.000000
3 1765365076 0.000000 1 0.000000 0.000000 0.000000
4 1765365076 0.000000 1 0.000000 0.000000 0.000000
1 1765365077 10.000000 1 10.000000 10.000000 10.000000
2 1765365077 0.000000 1 0.000000 0.000000 0.000000
3 1765365077 0.000000 1 0.000000 0.000000 0.000000
4 1765365077 0.000000 1 0.000000 0.000000 0.000000
1 1765365078 9.000000 1 9.000000 9.000000 9.000000
2 1765365078 0.000000 1 0.000000 0.000000 0.000000
3 1765365078 1.000000 1 1.000000 1.000000 1.000000
4 1765365078 0.000000 1 0.000000 0.000000 0.000000
1 1765365079 9.000000 1 9.000000 9.000000 9.000000
2 1765365079 0.000000 1 0.000000 0.000000 0.000000
3 1765365079 1.000000 1 1.000000 1.000000 1.000000
4 1765365079 0.000000 1 0.000000 0.000000 0.000000
1 1765365080 8.000000 1 8.000000 8.000000 8.000000
2 1765365080 0.000000 1 0.000000 0.000000 0.000000
3 1765365080 2.000000 1 2.000000 2.000000 2.000000
4 1765365080 0.000000 1 0.000000 0.000000 0.000000
1 1765365081 8.000000 1 8.000000 8.000000 8.000000
2 1765365081 0.000000 1 0.000000 0.000000 0.000000
3 1765365081 2.000000 1 2.000000 2.000000 2.000000
4 1765365081 0.000000 1 0.000000 0.000000 0.000000
1 1765365082 8.000000 1 8.000000 8.000000 8.000000
2 1765365082 0.000000 1 0.000000 0.000000 0.000000
3 1765365082 2.000000 1 2.000000 2.000000 2.000000
4 1765365082 0.000000 1 0.000000 0.000000 0.000000
1 1765365083 8.000000 1 8.000000 8.000000 8.000000
2 1765365083 0.000000 1 0.000000 0.000000 0.000000
3 1765365083 2.000000 1 2.000000 2.000000 2.000000
4 1765365083 0.000000 1 0.000000 0.000000 0.000000
1 1765365084 8.000000 1 8.000000 8.000000 8.000000
2 1765365084 0.000000 1 0.000000 0.000000 0.000000
3 1765365084 2.000000 1 2.000000 2.000000 2.000000
4 1765365084 0.000000 1 0.000000 0.000000 0.000000
1 1765365085 8.000000 1 8.000000 8.000000 8.000000
2 1765365085 0.000000 1 0.000000 0.000000 0.000000
3 1765365085 2.000000 1 2.000000 2.000000 2.000000
4 1765365085 0.000000 1 0.000000 0.000000 0.000000
1 1765365086 8.000000 1 8.000000 8.000000 8.000000
2 1765365086 0.000000 1 0.000000 0.000000 0.000000
3 1765365086 2.000000 1 2.000000 2.000000 2.000000
4 1765365086 0.000000 1 0.000000 0.000000 0.000000
1 1765365087 8.000000 1 8.000000 8.000000 8.000000
2 1765365087 0.000000 1 0.000000 0.000000 0.000000
3 1765365087 2.000000 1 2.000000 2.000000 2.000000
4 1765365087 0.000000 1 0.000000 0.000000 0.000000
1 1765365088 8.000000 1 8.000000 8.000000 8.000000
2 1765365088 0.000000 1 0.000000 0.000000 0.000000
3 1765365088 2.000000 1 2.000000 2.000000 2.000000
4 1765365088 0.000000 1 0.000000 0.000000 0.000000
1 1765365089 8.000000 1 8.000000 8.000000 8.000000
2 1765365089 0.000000 1 0.000000 0.000000 0.000000
3 1765365089 2.000000 1 2.000000 2.000000 2.000000
4 1765365089 0.000000 1 0.000000 0.000000 0.000000
1 1765365090 8.000000 1 8.000000 8.000000 8.000000
2 1765365090 0.000000 1 0.000000 0.000000 0.000000
3 1765365090 2.000000 1 2.000000 2.000000 2.000000
4 1765365090 0.000000 1 0.000000 0.000000 0.000000
1 1765365091 8.000000 1 8.000000 8.000000 8.000000
2 1765365091 0.000000 1 0.000000 0.000000 0.000000
3 1765365091 2.000000 1 2.000000 2.000000 2.000000
4 1765365091 0.000000 1 0.000000 0.000000 0.000000
1 1765365092 8.000000 1 8.000000 8.000000 8.000000
2 1765365092 0.000000 1 0.000000 0.000000 0.000000
3 1765365092 2.000000 1 2.000000 2.000000 2.000000
4 1765365092 0.000000 1 0.000000 0.000000 0.000000
1 1765365093 8.000000 1 8.000000 8.000000 8.000000
2 1765365093 0.000000 1 0.000000 0.000000 0.000000
3 1765365093 2.000000 1 2.000000 2.000000 2.000000
4 1765365093 0.000000 1 0.000000 0.000000 0.000000
1 1765365094 8.000000 1 8.000000 8.000000 8.000000
2 1765365094 0.000000 1 0.000000 0.000000 0.000000
3 1765365094 2.000000 1 2.000000 2.000000 2.000000
4 1765365094 0.000000 1 0.000000 0.000000 0.000000
1 1765365095 8.000000 1 8.000000 8.000000 8.000000
2 1765365095 0.000000 1 0.000000 0.000000 0.000000
3 1765365095 2.000000 1 2.000000 2.000000 2.000000
4 1765365095 0.000000 1 0.000000 0.000000 0.000000
1 1765365096 8.000000 1 8.000000 8.000000 8.000000
2 1765365096 0.000000 1 0.000000 0.000000 0.000000
3 1765365096 2.000000 1 2.000000 2.000000 2.000000
4 1765365096 0.000000 1 0.000000 0.000000 0.000000
1 1765365097 8.000000 1 8.000000 8.000000 8.000000
2 1765365097 0.000000 1 0.000000 0.000000 0.000000
3 1765365097 2.000000 1 2.000000 2.000000 2.000000
4 1765365097 0.000000 1 0.000000 0.000000 0.000000
1 1765365098 8.000000 1 8.000000 8.000000 8.000000
2 1765365098 0.000000 1 0.000000 0.000000 0.000000
3 1765365098 2.000000 1 2.000000 2.000000 2.000000
4 1765365098 0.000000 1 0.000000 0.000000 0.000000
1 1765365099 8.000000 1 8.000000 8.000000 8.000000
2 1765365099 0.000000 1 0.000000 0.000000 0.000000
3 1765365099 2.000000 1 2.000000 2.000000 2.000000
4 1765365099 0.000000 1 0.000000 0.000000 0.000000
1 1765365100 8.000000 1 8.000000 8.000000 8.000000
2 1765365100 0.000000 1 0.000000 0.000000 0.000000
3 1765365100 2.000000 1 2.000000 2.000000 2.000000
4 1765365100 0.000000 1 0.000000 0.000000 0.000000
1 1765365101 7.000000 1 7.000000 7.000000 7.000000
2 1765365101 0.000000 1 0.000000 0.000000 0.000000
3 1765365101 3.000000 1 3.000000 3.000000 3.000000
4 1765365101 0.000000 1 0.000000 0.000000 0.000000
1 1765365102 7.000000 1 7.000000 7.000000 7.000000
2 1765365102 0.000000 1 0.000000 0.000000 0.000000
3 1765365102 3.000000 1 3.000000 3.000000 3.000000
4 1765365102 0.000000 1 0.000000 0.000000 0.000000
1 1765365103 7.000000 1 7.000000 7.000000 7.000000
2 1765365103 0.000000 1 0.000000 0.000000 0.000000
3 1765365103 3.000000 1 3.000000 3.000000 3.000000
4 1765365103 0.000000 1 0.000000 0.000000 0.000000
1 1765365104 7.000000 1 7.000000 7.000000 7.000000
2 1765365104 0.000000 1 0.000000 0.000000 0.000000
3 1765365104 3.000000 1 3.000000 3.000000 3.000000
4 1765365104 0.000000 1 0.000000 0.000000 0.000000
1 1765365105 7.000000 1 7.000000 7.000000 7.000000
2 1765365105 0.000000 1 0.000000 0.000000 0.000000
3 1765365105 3.000000 1 3.000000 3.000000 3.000000
4 1765365105 0.000000 1 0.000000 0.000000 0.000000
1 1765365106 7.000000 1 7.000000 7.000000 7.000000
2 1765365106 0.000000 1 0.000000 0.000000 0.000000
3 1765365106 3.000000 1 3.000000 3.000000 3.000000
4 1765365106 0.000000 1 0.000000 0.000000 0.000000
1 1765365107 7.000000 1 7.000000 7.000000 7.000000
2 1765365107 0.000000 1 0.000000 0.000000 0.000000
3 1765365107 3.000000 1 3.000000 3.000000 3.000000
4 1765365107 0.000000 1 0.000000 0.000000 0.000000
1 1765365108 7.000000 1 7.000000 7.000000 7.000000
2 1765365108 0.000000 1 0.000000 0.000000 0.000000
3 1765365108 3.000000 1 3.000000 3.000000 3.000000
4 1765365108 0.000000 1 0.000000 0.000000 0.000000
1 1765365109 7.000000 1 7.000000 7.000000 7.000000
2 1765365109 0.000000 1 0.000000 0.000000 0.000000
3 1765365109 3.000000 1 3.000000 3.000000 3.000000
4 1765365109 0.000000 1 0.000000 0.000000 0.000000
1 1765365110 7.000000 1 7.000000 7.000000 7.000000
2 1765365110 0.000000 1 0.000000 0.000000 0.000000
3 1765365110 3.000000 1 3.000000 3.000000 3.000000
4 1765365110 0.000000 1 0.000000 0.000000 0.000000
1 1765365111 7.000000 1 7.000000 7.000000 7.000000
2 1765365111 0.000000 1 0.000000 0.000000 0.000000
3 1765365111 3.000000 1 3.000000 3.000000 3.000000
4 1765365111 0.000000 1 0.000000 0.000000 0.000000
1 1765365112 7.000000 1 7.000000 7.000000 7.000000
2 1765365112 0.000000 1 0.000000 0.000000 0.000000
3 1765365112 3.000000 1 3.000000 3.000000 3.000000
4 1765365112 0.000000 1 0.000000 0.000000 0.000000
1 1765365113 7.000000 1 7.000000 7.000000 7.000000
2 1765365113 0.000000 1 0.000000 0.000000 0.000000
3 1765365113 3.000000 1 3.000000 3.000000 3.000000
4 1765365113 0.000000 1 0.000000 0.000000 0.000000
1 1765365114 7.000000 1 7.000000 7.000000 7.000000
2 1765365114 0.000000 1 0.000000 0.000000 0.000000
3 1765365114 3.000000 1 3.000000 3.000000 3.000000
4 1765365114 0.000000 1 0.000000 0.000000 0.000000
1 1765365115 7.000000 1 7.000000 7.000000 7.000000
2 1765365115 0.000000 1 0.000000 0.000000 0.000000
3 1765365115 3.000000 1 3.000000 3.000000 3.000000
4 1765365115 0.000000 1 0.000000 0.000000 0.000000
1 1765365116 7.000000 1 7.000000 7.000000 7.000000
2 1765365116 0.000000 1 0.000000 0.000000 0.000000
3 1765365116 3.000000 1 3.000000 3.000000 3.000000
4 1765365116 0.000000 1 0.000000 0.000000 0.000000
1 1765365117 6.000000 1 6.000000 6.000000 6.000000
2 1765365117 0.000000 1 0.000000 0.000000 0.000000
3 1765365117 4.000000 1 4.000000 4.000000 4.000000
4 1765365117 0.000000 1 0.000000 0.000000 0.000000
1 1765365118 6.000000 1 6.000000 6.000000 6.000000
2 1765365118 0.000000 1 0.000000 0.000000 0.000000
3 1765365118 4.000000 1 4.000000 4.000000 4.000000
4 1765365118 0.000000 1 0.000000 0.000000 0.000000
1 1765365119 6.000000 1 6.000000 6.000000 6.000000
2 1765365119 0.000000 1 0.000000 0.000000 0.000000
3 1765365119 4.000000 1 4.000000 4.000000 4.000000
4 1765365119 0.000000 1 0.000000 0.000000 0.000000
1 1765365120 6.000000 1 6.000000 6.000000 6.000000
2 1765365120 0.000000 1 0.000000 0.000000 0.000000
3 1765365120 4.000000 1 4.000000 4.000000 4.000000
4 1765365120 0.000000 1 0.000000 0.000000 0.000000
1 1765365121 6.000000 1 6.000000 6.000000 6.000000
2 1765365121 0.000000 1 0.000000 0.000000 0.000000
3 1765365121 4.000000 1 4.000000 4.000000 4.000000
4 1765365121 0.000000 1 0.000000 0.000000 0.000000
1 1765365122 5.000000 1 5.000000 5.000000 5.000000
2 1765365122 0.000000 1 0.000000 0.000000 0.000000
3 1765365122 5.000000 1 5.000000 5.000000 5.000000
4 1765365122 0.000000 1 0.000000 0.000000 0.000000
1 1765365123 5.000000 1 5.000000 5.000000 5.000000
2 1765365123 0.000000 1 0.000000 0.000000 0.000000
3 1765365123 5.000000 1 5.000000 5.000000 5.000000
4 1765365123 0.000000 1 0.000000 0.000000 0.000000
1 1765365124 4.000000 1 4.000000 4.000000 4.000000
2 1765365124 0.000000 1 0.000000 0.000000 0.000000
3 1765365124 6.000000 1 6.000000 6.000000 6.000000
4 1765365124 0.000000 1 0.000000 0.000000 0.000000
1 1765365125 4.000000 1 4.000000 4.000000 4.000000
2 1765365125 0.000000 1 0.000000 0.000000 0.000000
3 1765365125 6.000000 1 6.000000 6.000000 6.000000
4 1765365125 0.000000 1 0.000000 0.000000 0.000000
1 1765365126 4.000000 1 4.000000 4.000000 4.000000
2 1765365126 0.000000 1 0.000000 0.000000 0.000000
3 1765365126 6.000000 1 6.000000 6.000000 6.000000
4 1765365126 0.000000 1 0.000000 0.000000 0.000000
1 1765365127 4.000000 1 4.000000 4.000000 4.000000
2 1765365127 0.000000 1 0.000000 0.000000 0.000000
3 1765365127 6.000000 1 6.000000 6.000000 6.000000
4 1765365127 0.000000 1 0.000000 0.000000 0.000000
1 1765365128 4.000000 1 4.000000 4.000000 4.000000
2 1765365128 0.000000 1 0.000000 0.000000 0.000000
3 1765365128 6.000000 1 6.000000 6.000000 6.000000
4 1765365128 0.000000 1 0.000000 0.000000 0.000000
1 1765365129 4.000000 1 4.000000 4.000000 4.000000
2 1765365129 0.000000 1 0.000000 0.000000 0.000000
3 1765365129 6.000000 1 6.000000 6.000000 6.000000
4 1765365129 0.000000 1 0.000000 0.000000 0.000000
1 1765365130 4.000000 1 4.000000 4.000000 4.000000
2 1765365130 0.000000 1 0.000000 0.000000 0.000000
3 1765365130 6.000000 1 6.000000 6.000000 6.000000
4 1765365130 0.000000 1 0.000000 0.000000 0.000000
1 1765365131 4.000000 1 4.000000 4.000000 4.000000
2 1765365131 0.000000 1 0.000000 0.000000 0.000000
3 1765365131 6.000000 1 6.000000 6.000000 6.000000
4 1765365131 0.000000 1 0.000000 0.000000 0.000000
1 1765365132 4.000000 1 4.000000 4.000000 4.000000
2 1765365132 0.000000 1 0.000000 0.000000 0.000000
3 1765365132 6.000000 1 6.000000 6.000000 6.000000
4 1765365132 0.000000 1 0.000000 0.000000 0.000000
1 1765365133 4.000000 1 4.000000 4.000000 4.000000
2 1765365133 0.000000 1 0.000000 0.000000 0.000000
3 1765365133 6.000000 1 6.000000 6.000000 6.000000
4 1765365133 0.000000 1 0.000000 0.000000 0.000000
1 1765365134 4.000000 1 4.000000 4.000000 4.000000
2 1765365134 0.000000 1 0.000000 0.000000 0.000000
3 1765365134 6.000000 1 6.000000 6.000000 6.000000
4 1765365134 0.000000 1 0.000000 0.000000 0.000000
1 1765365135 4.000000 1 4.000000 4.000000 4.000000
2 1765365135 0.000000 1 0.000000 0.000000 0.000000
3 1765365135 6.000000 1 6.000000 6.000000 6.000000
4 1765365135 0.000000 1 0.000000 0.000000 0.000000
1 1765365136 4.000000 1 4.000000 4.000000 4.000000
2 1765365136 0.000000 1 0.000000 0.000000 0.000000
3 1765365136 6.000000 1 6.000000 6.000000 6.000000
4 1765365136 0.000000 1 0.000000 0.000000 0.000000
1 1765365138 3.000000 1 3.000000 3.000000 3.000000
2 1765365138 0.000000 1 0.000000 0.000000 0.000000
3 1765365138 7.000000 1 7.000000 7.000000 7.000000
4 1765365138 0.000000 1 0.000000 0.000000 0.000000
1 1765365139 3.000000 1 3.000000 3.000000 3.000000
2 1765365139 0.000000 1 0.000000 0.000000 0.000000
3 1765365139 7.000000 1 7.000000 7.000000 7.000000
4 1765365139 0.000000 1 0.000000 0.000000 0.000000
1 1765365140 3.000000 1 3.000000 3.000000 3.000000
2 1765365140 0.000000 1 0.000000 0.000000 0.000000
3 1765365140 7.000000 1 7.000000 7.000000 7.000000
4 1765365140 0.000000 1 0.000000 0.000000 0.000000
1 1765365141 3.000000 1 3.000000 3.000000 3.000000
2 1765365141 0.000000 1 0.000000 0.000000 0.000000
3 1765365141 7.000000 1 7.000000 7.000000 7.000000
4 1765365141 0.000000 1 0.000000 0.000000 0.000000
1 1765365142 3.000000 1 3.000000 3.000000 3.000000
2 1765365142 0.000000 1 0.000000 0.000000 0.000000
3 1765365142 7.000000 1 7.000000 7.000000 7.000000
4 1765365142 0.000000 1 0.000000 0.000000 0.000000
1 1765365143 3.000000 1 3.000000 3.000000 3.000000
2 1765365143 0.000000 1 0.000000 0.000000 0.000000
3 1765365143 7.000000 1 7.000000 7.000000 7.000000
4 1765365143 0.000000 1 0.000000 0.000000 0.000000
1 1765365144 3.000000 1 3.000000 3.000000 3.000000
2 1765365144 0.000000 1 0.000000 0.000000 0.000000
3 1765365144 7.000000 1 7.000000 7.000000 7.000000
4 1765365144 0.000000 1 0.000000 0.000000 0.000000
1 1765365145 3.000000 1 3.000000 3.000000 3.000000
2 1765365145 0.000000 1 0.000000 0.000000 0.000000
3 1765365145 7.000000 1 7.000000 7.000000 7.000000
4 1765365145 0.000000 1 0.000000 0.000000 0.000000
1 1765365146 3.000000 1 3.000000 3.000000 3.000000
2 1765365146 0.000000 1 0.000000 0.000000 0.000000
3 1765365146 7.000000 1 7.000000 7.000000 7.000000
4 1765365146 0.000000 1 0.000000 0.000000 0.000000
1 1765365147 3.000000 1 3.000000 3.000000 3.000000
2 1765365147 0.000000 1 0.000000 0.000000 0.000000
3 1765365147 7.000000 1 7.000000 7.000000 7.000000
4 1765365147 0.000000 1 0.000000 0.000000 0.000000
1 1765365148 3.000000 1 3.000000 3.000000 3.000000
2 1765365148 0.000000 1 0.000000 0.000000 0.000000
3 1765365148 7.000000 1 7.000000 7.000000 7.000000
4 1765365148 0.000000 1 0.000000 0.000000 0.000000
1 1765365149 3.000000 1 3.000000 3.000000 3.000000
2 1765365149 0.000000 1 0.000000 0.000000 0.000000
3 1765365149 7.000000 1 7.000000 7.000000 7.000000
4 1765365149 0.000000 1 0.000000 0.000000 0.000000
1 1765365150 3.000000 1 3.000000 3.000000 3.000000
2 1765365150 0.000000 1 0.000000 0.000000 0.000000
3 1765365150 7.000000 1 7.000000 7.000000 7.000000
4 1765365150 0.000000 1 0.000000 0.000000 0.000000
1 1765365151 3.000000 1 3.000000 3.000000 3.000000
2 1765365151 0.000000 1 0.000000 0.000000 0.000000
3 1765365151 7.000000 1 7.000000 7.000000 7.000000
4 1765365151 0.000000 1 0.000000 0.000000 0.000000
1 1765365152 3.000000 1 3.000000 3.000000 3.000000
2 1765365152 0.000000 1 0.000000 0.000000 0.000000
3 1765365152 7.000000 1 7.000000 7.000000 7.000000
4 1765365152 0.000000 1 0.000000 0.000000 0.000000
1 1765365153 3.000000 1 3.000000 3.000000 3.000000
2 1765365153 0.000000 1 0.000000 0.000000 0.000000
3 1765365153 7.000000 1 7.000000 7.000000 7.000000
4 1765365153 0.000000 1 0.000000 0.000000 0.000000
1 1765365154 3.000000 1 3.000000 3.000000 3.000000
2 1765365154 0.000000 1 0.000000 0.000000 0.000000
3 1765365154 7.000000 1 7.000000 7.000000 7.000000
4 1765365154 0.000000 1 0.000000 0.000000 0.000000
1 1765365155 3.000000 1 3.000000 3.000000 3.000000
2 1765365155 0.000000 1 0.000000 0.000000 0.000000
3 1765365155 7.000000 1 7.000000 7.000000 7.000000
4 1765365155 0.000000 1 0.000000 0.000000 0.000000
1 1765365156 3.000000 1 3.000000 3.000000 3.000000
2 1765365156 0.000000 1 0.000000 0.000000 0.000000
3 1765365156 7.000000 1 7.000000 7.000000 7.000000
4 1765365156 0.000000 1 0.000000 0.000000 0.000000
1 1765365157 3.000000 1 3.000000 3.000000 3.000000
2 1765365157 0.000000 1 0.000000 0.000000 0.000000
3 1765365157 7.000000 1 7.000000 7.000000 7.000000
4 1765365157 0.000000 1 0.000000 0.000000 0.000000
1 1765365158 3.000000 1 3.000000 3.000000 3.000000
2 1765365158 0.000000 1 0.000000 0.000000 0.000000
3 1765365158 7.000000 1 7.000000 7.000000 7.000000
4 1765365158 0.000000 1 0.000000 0.000000 0.000000
1 1765365159 3.000000 1 3.000000 3.000000 3.000000
2 1765365159 0.000000 1 0.000000 0.000000 0.000000
3 1765365159 7.000000 1 7.000000 7.000000 7.000000
4 1765365159 0.000000 1 0.000000 0.000000 0.000000
1 1765365160 3.000000 1 3.000000 3.000000 3.000000
2 1765365160 0.000000 1 0.000000 0.000000 0.000000
3 1765365160 7.000000 1 7.000000 7.000000 7.000000
4 1765365160 0.000000 1 0.000000 0.000000 0.000000
1 1765365161 3.000000 1 3.000000 3.000000 3.000000
2 1765365161 0.000000 1 0.000000 0.000000 0.000000
3 1765365161 7.000000 1 7.000000 7.000000 7.000000
4 1765365161 0.000000 1 0.000000 0.000000 0.000000
1 1765365162 3.000000 1 3.000000 3.000000 3.000000
2 1765365162 0.000000 1 0.000000 0.000000 0.000000
3 1765365162 7.000000 1 7.000000 7.000000 7.000000
4 1765365162 0.000000 1 0.000000 0.000000 0.000000
1 1765365163 3.000000 1 3.000000 3.000000 3.000000
2 1765365163 0.000000 1 0.000000 0.000000 0.000000
3 1765365163 7.000000 1 7.000000 7.000000 7.000000
4 1765365163 0.000000 1 0.000000 0.000000 0.000000
1 1765365164 3.000000 1 3.000000 3.000000 3.000000
2 1765365164 0.000000 1 0.000000 0.000000 0.000000
3 1765365164 7.000000 1 7.000000 7.000000 7.000000
4 1765365164 0.000000 1 0.000000 0.000000 0.000000
1 1765365165 3.000000 1 3.000000 3.000000 3.000000
2 1765365165 0.000000 1 0.000000 0.000000 0.000000
3 1765365165 7.000000 1 7.000000 7.000000 7.000000
4 1765365165 0.000000 1 0.000000 0.000000 0.000000
1 1765365166 3.000000 1 3.000000 3.000000 3.000000
2 1765365166 0.000000 1 0.000000 0.000000 0.000000
3 1765365166 7.000000 1 7.000000 7.000000 7.000000
4 1765365166 0.000000 1 0.000000 0.000000 0.000000
1 1765365167 3.000000 1 3.000000 3.000000 3.000000
2 1765365167 0.000000 1 0.000000 0.000000 0.000000
3 1765365167 7.000000 1 7.000000 7.000000 7.000000
4 1765365167 0.000000 1 0.000000 0.000000 0.000000
1 1765365168 3.000000 1 3.000000 3.000000 3.000000
2 1765365168 0.000000 1 0.000000 0.000000 0.000000
3 1765365168 7.000000 1 7.000000 7.000000 7.000000
4 1765365168 0.000000 1 0.000000 0.000000 0.000000
1 1765365169 3.000000 1 3.000000 3.000000 3.000000
2 1765365169 0.000000 1 0.000000 0.000000 0.000000
3 1765365169 7.000000 1 7.000000 7.000000 7.000000
4 1765365169 0.000000 1 0.000000 0.000000 0.000000
1 1765365170 3.000000 1 3.000000 3.000000 3.000000
2 1765365170 0.000000 1 0.000000 0.000000 0.000000
3 1765365170 7.000000 1 7.000000 7.000000 7.000000
4 1765365170 0.000000 1 0.000000 0.000000 0.000000
1 1765365171 3.000000 1 3.000000 3.000000 3.000000
2 1765365171 0.000000 1 0.000000 0.000000 0.000000
3 1765365171 7.000000 1 7.000000 7.000000 7.000000
4 1765365171 0.000000 1 0.000000 0.000000 0.000000
1 1765365172 3.000000 1 3.000000 3.000000 3.000000
2 1765365172 0.000000 1 0.000000 0.000000 0.000000
3 1765365172 7.000000 1 7.000000 7.000000 7.000000
4 1765365172 0.000000 1 0.000000 0.000000 0.000000
1 1765365173 3.000000 1 3.000000 3.000000 3.000000
2 1765365173 0.000000 1 0.000000 0.000000 0.000000
3 1765365173 7.000000 1 7.000000 7.000000 7.000000
4 1765365173 0.000000 1 0.000000 0.000000 0.000000
1 1765365174 3.000000 1 3.000000 3.000000 3.000000
2 1765365174 0.000000 1 0.000000 0.000000 0.000000
3 1765365174 7.000000 1 7.000000 7.000000 7.000000
4 1765365174 0.000000 1 0.000000 0.000000 0.000000
1 1765365175 3.000000 1 3.000000 3.000000 3.000000
2 1765365175 0.000000 1 0.000000 0.000000 0.000000
3 1765365175 7.000000 1 7.000000 7.000000 7.000000
4 1765365175 0.000000 1 0.000000 0.000000 0.000000
1 1765365176 2.000000 1 2.000000 2.000000 2.000000
2 1765365176 0.000000 1 0.000000 0.000000 0.000000
3 1765365176 8.000000 1 8.000000 8.000000 8.000000
4 1765365176 0.000000 1 0.000000 0.000000 0.000000
1 1765365177 2.000000 1 2.000000 2.000000 2.000000
2 1765365177 0.000000 1 0.000000 0.000000 0.000000
3 1765365177 8.000000 1 8.000000 8.000000 8.000000
4 1765365177 0.000000 1 0.000000 0.000000 0.000000
1 1765365178 2.000000 1 2.000000 2.000000 2.000000
2 1765365178 0.000000 1 0.000000 0.000000 0.000000
3 1765365178 8.000000 1 8.000000 8.000000 8.000000
4 1765365178 0.000000 1 0.000000 0.000000 0.000000
1 1765365179 2.000000 1 2.000000 2.000000 2.000000
2 1765365179 0.000000 1 0.000000 0.000000 0.000000
3 1765365179 8.000000 1 8.000000 8.000000 8.000000
4 1765365179 0.000000 1 0.000000 0.000000 0.000000
1 1765365180 2.000000 1 2.000000 2.000000 2.000000
2 1765365180 0.000000 1 0.000000 0.000000 0.000000
3 1765365180 8.000000 1 8.000000 8.000000 8.000000
4 1765365180 0.000000 1 0.000000 0.000000 0.000000
1 1765365181 2.000000 1 2.000000 2.000000 2.000000
2 1765365181 0.000000 1 0.000000 0.000000 0.000000
3 1765365181 8.000000 1 8.000000 8.000000 8.000000
4 1765365181 0.000000 1 0.000000 0.000000 0.000000
1 1765365182 2.000000 1 2.000000 2.000000 2.000000
2 1765365182 0.000000 1 0.000000 0.000000 0.000000
3 1765365182 8.000000 1 8.000000 8.000000 8.000000
4 1765365182 0.000000 1 0.000000 0.000000 0.000000
1 1765365183 2.000000 1 2.000000 2.000000 2.000000
2 1765365183 0.000000 1 0.000000 0.000000 0.000000
3 1765365183 8.000000 1 8.000000 8.000000 8.000000
4 1765365183 0.000000 1 0.000000 0.000000 0.000000
1 1765365184 2.000000 1 2.000000 2.000000 2.000000
2 1765365184 0.000000 1 0.000000 0.000000 0.000000
3 1765365184 8.000000 1 8.000000 8.000000 8.000000
4 1765365184 0.000000 1 0.000000 0.000000 0.000000
1 1765365185 2.000000 1 2.000000 2.000000 2.000000
2 1765365185 0.000000 1 0.000000 0.000000 0.000000
3 1765365185 8.000000 1 8.000000 8.000000 8.000000
4 1765365185 0.000000 1 0.000000 0.000000 0.000000
1 1765365186 2.000000 1 2.000000 2.000000 2.000000
2 1765365186 0.000000 1 0.000000 0.000000 0.000000
3 1765365186 8.000000 1 8.000000 8.000000 8.000000
4 1765365186 0.000000 1 0.000000 0.000000 0.000000
1 1765365187 1.000000 1 1.000000 1.000000 1.000000
2 1765365187 0.000000 1 0.000000 0.000000 0.000000
3 1765365187 9.000000 1 9.000000 9.000000 9.000000
4 1765365187 0.000000 1 0.000000 0.000000 0.000000
1 1765365188 1.000000 1 1.000000 1.000000 1.000000
2 1765365188 0.000000 1 0.000000 0.000000 0.000000
3 1765365188 9.000000 1 9.000000 9.000000 9.000000
4 1765365188 0.000000 1 0.000000 0.000000 0.000000
1 1765365189 1.000000 1 1.000000 1.000000 1.000000
2 1765365189 0.000000 1 0.000000 0.000000 0.000000
3 1765365189 9.000000 1 9.000000 9.000000 9.000000
4 1765365189 0.000000 1 0.000000 0.000000 0.000000
1 1765365190 1.000000 1 1.000000 1.000000 1.000000
2 1765365190 0.000000 1 0.000000 0.000000 0.000000
3 1765365190 9.000000 1 9.000000 9.000000 9.000000
4 1765365190 0.000000 1 0.000000 0.000000 0.000000
1 1765365191 1.000000 1 1.000000 1.000000 1.000000
2 1765365191 0.000000 1 0.000000 0.000000 0.000000
3 1765365191 9.000000 1 9.000000 9.000000 9.000000
4 1765365191 0.000000 1 0.000000 0.000000 0.000000
1 1765365192 1.000000 1 1.000000 1.000000 1.000000
2 1765365192 0.000000 1 0.000000 0.000000 0.000000
3 1765365192 9.000000 1 9.000000 9.000000 9.000000
4 1765365192 0.000000 1 0.000000 0.000000 0.000000
1 1765365193 1.000000 1 1.000000 1.000000 1.000000
2 1765365193 0.000000 1 0.000000 0.000000 0.000000
3 1765365193 9.000000 1 9.000000 9.000000 9.000000
4 1765365193 0.000000 1 0.000000 0.000000 0.000000
1 1765365194 1.000000 1 1.000000 1.000000 1.000000
2 1765365194 0.000000 1 0.000000 0.000000 0.000000
3 1765365194 9.000000 1 9.000000 9.000000 9.000000
4 1765365194 0.000000 1 0.000000 0.000000 0.000000
1 1765365195 1.000000 1 1.000000 1.000000 1.000000
2 1765365195 0.000000 1 0.000000 0.000000 0.000000
3 1765365195 9.000000 1 9.000000 9.000000 9.000000
4 1765365195 0.000000 1 0.000000 0.000000 0.000000
1 1765365196 1.000000 1 1.000000 1.000000 1.000000
2 1765365196 0.000000 1 0.000000 0.000000 0.000000
3 1765365196 9.000000 1 9.000000 9.000000 9.000000
4 1765365196 0.000000 1 0.000000 0.000000 0.000000
1 1765365197 1.000000 1 1.000000 1.000000 1.000000
2 1765365197 0.000000 1 0.000000 0.000000 0.000000
3 1765365197 9.000000 1 9.000000 9.000000 9.000000
4 1765365197 0.000000 1 0.000000 0.000000 0.000000
1 1765365198 1.000000 1 1.000000 1.000000 1.000000
2 1765365198 0.000000 1 0.000000 0.000000 0.000000
3 1765365198 9.000000 1 9.000000 9.000000 9.000000
4 1765365198 0.000000 1 0.000000 0.000000 0.000000
1 1765365199 1.000000 1 1.000000 1.000000 1.000000
2 1765365199 0.000000 1 0.000000 0.000000 0.000000
3 1765365199 9.000000 1 9.000000 9.000000 9.000000
4 1765365199 0.000000 1 0.000000 0.000000 0.000000
1 1765365200 1.000000 1 1.000000 1.000000 1.000000
2 1765365200 0.000000 1 0.000000 0.000000 0.000000
3 1765365200 9.000000 1 9.000000 9.000000 9.000000
4 1765365200 0.000000 1 0.000000 0.000000 0.000000
1 1765365202 0.000000 1 0.000000 0.000000 0.000000
2 1765365202 0.000000 1 0.000000 0.000000 0.000000
3 1765365202 10.000000 1 10.000000 10.000000 10.000000
4 1765365202 0.000000 1 0.000000 0.000000 0.000000
